(548.8983897487633, -811.1670003901236),
(549.2204121699252, -810.784577090458),
(549.5424345910872, -810.4021537907925),
(549.8644570122491, -810.0197304911269),
(550.186479433411, -809.6373071914613),
(550.508501854573, -809.2548838917958),
(550.8307304739697, -808.8726896839968),
(551.1529590933663, -808.4904954761978),
(551.475187712763, -808.1083012683988),
(551.7974163321597, -807.7261070605998),
(552.1196449515564, -807.3439128528008),
(552.4418735709531, -806.9617186450018),
(552.7628549690342, -806.5784704412724),
(553.0838363671152, -806.195222237543),
(553.4048177651962, -805.8119740338136),
(553.7257991632772, -805.4287258300842),
(554.0467805613582, -805.0454776263548),
(554.3677619594392, -804.6622294226254),
(554.6887276506055, -804.2789679913848),
(555.0096933417718, -803.8957065601442),
(555.3306590329381, -803.5124451289036),
(555.6516247241044, -803.1291836976629),
(555.9725904152707, -802.7459222664223),
(556.293556106437, -802.3626608351817),
(556.6180598618951, -801.9823951644488),
(556.9425636173531, -801.6021294937159),
(557.2670673728112, -801.221863822983),
(557.5924275761906, -800.8423318559398),
(557.9177877795701, -800.4627998888967),
(558.2431479829495, -800.0832679218536),
(558.5687164092217, -799.7039148433503),
(558.8942848354939, -799.324561764847),
(559.219853261766, -798.9452086863437),
(559.5454724593002, -798.5658992566534),
(559.8710916568343, -798.1865898269632),
(560.1967108543685, -797.807280397273),
(560.5223438068847, -797.4279827947581),
(560.8479767594009, -797.0486851922433),
(561.1736097119172, -796.6693875897284),
(561.4992426644334, -796.2900899872136),
(561.8248756169496, -795.9107923846988),
(562.1490708252604, -795.5302727131408),
(562.4732660335712, -795.1497530415828),
(562.7967361222856, -794.7686206410159),
(563.1202062109999, -794.387488240449),
(563.4436762997142, -794.0063558398821),
(563.7671463884285, -793.6252234393152),
(564.0906007801669, -793.2440771803921),
(564.376825844869, -792.9068005336449),
(564.376825844869, -792.9068005336449),
(564.7002962525487, -792.5256686495258),
(565.0237666602284, -792.1445367654067),
(565.347237067908, -791.7634048812876),
(565.6707074755877, -791.3822729971685),
(565.9943769736092, -791.0012954726851),
(566.3180464716306, -790.6203179482018),
(566.6417977226967, -790.2394420833347),
(566.9655489737627, -789.8585662184676),
(567.2893002248287, -789.4776903536005),
(567.613062048944, -789.0968279688175),
(567.9368238730593, -788.7159655840345),
(568.2605856971746, -788.3351031992515),
(568.5843487220062, -787.9542424300801),
(568.9081117468378, -787.5733816609086),
(569.2318747716694, -787.1925208917371),
(569.5556379546158, -786.8116603353288),
(569.8794011375622, -786.4307997789206),
(570.2031643205087, -786.0499392225123),
(570.5269275383207, -785.6690787062091),
(570.8506907561327, -785.2882181899059),
(571.1744539739448, -784.9073576736027),
(571.4982171917568, -784.5264971572996),
(571.8219804095688, -784.1456366409964),
(572.1440707767727, -783.7633400825433),
(572.4661611439765, -783.3810435240903),
(572.7882515111803, -782.9987469656372),
(573.1100500000941, -782.6162012969523),
(573.431848489008, -782.2336556282675),
(573.7536469779218, -781.8511099595826),
(574.0753718505434, -781.4685079001362),
(574.3970967231651, -781.0859058406897),
(574.7188215957867, -780.7033037812433),
(575.0405335947323, -780.320691873484),
(575.3622455936779, -779.9380799657246),
(575.6839575926235, -779.5554680579652),
(576.0061035747093, -779.1732109199778),
(576.3282495567951, -778.7909537819904),
(576.6503955388808, -778.408696644003),
(576.9725415209666, -778.0264395060157),
(577.2899427222821, -777.6402131087339),
(577.6073439235977, -777.2539867114521),
(577.9247451249132, -776.8677603141703),
(578.2421463262287, -776.4815339168885),
(578.5595475275443, -776.0953075196066),
(578.8769487288598, -775.7090811223248),
(579.1937135680922, -775.3223300437874),
(579.5104784073246, -774.9355789652499),
(579.827243246557, -774.5488278867124),
(580.1440080857894, -774.1620768081749),
(580.4607729250218, -773.7753257296374),
(580.7710028238935, -773.3833284591697),
(581.0812327227651, -772.9913311887019),
(581.3914626216367, -772.5993339182342),
(581.7016925205083, -772.2073366477664),
(582.01192241938, -771.8153393772986),
(582.3221523182516, -771.4233421068309),
(582.6205471985269, -771.0225709938595),
(582.9189420788022, -770.6217998808881),
(583.2173369590774, -770.2210287679168),
(583.4956470622084, -769.8057703270092),
(583.7739571653393, -769.3905118861016),
(584.0522672684702, -768.9752534451941),
(584.3305773716012, -768.5599950042865),
(584.6088874747321, -768.144736563379),
(584.8648111092717, -767.715270743032),
(585.1207347438113, -767.285804922685),
(585.376658378351, -766.856339102338),
(585.6325820128906, -766.426873281991),
(585.8885056474302, -765.997407461644),
(586.1305614698783, -765.5600196813032),
(586.3726172923265, -765.1226319009623),
(586.6146731147746, -764.6852441206215),
(586.8567289372228, -764.2478563402807),
(587.0987847596709, -763.8104685599399),
(587.3340348764915, -763.3695304807774),
(587.5692849933121, -762.9285924016149),
(587.8045351101326, -762.4876543224524),
(588.03910615959, -762.0464434315595),
(588.2736772090474, -761.6052325406666),
(588.5082482585048, -761.1640216497738),
(588.7428193079621, -760.7228107588809),
(589.0241835330578, -760.3095560191742),
(589.3055477581535, -759.8963012794676),
(589.5869119832491, -759.483046539761),
(589.8682762083448, -759.0697918000543),
(590.149776268625, -758.6566290249516),
(590.4312763289053, -758.2434662498489),
(590.7127763891855, -757.8303034747462),
(590.9942764494657, -757.4171406996435),
(591.2757811954453, -757.0039810981033),
(591.557285941425, -756.5908214965631),
(591.8387906874046, -756.1776618950229),
(592.1202954333843, -755.7645022934827),
(592.4147543698128, -755.3605638243963),
(592.7205294781248, -754.9651624167931),
(593.0263045864368, -754.5697610091898),
(593.3320796947488, -754.1743596015866),
(593.6378548030608, -753.7789581939834),
(593.9436299113728, -753.3835567863802),
(594.2494050196848, -752.9881553787769),
(594.5611054457629, -752.5973697213877),
(594.872805871841, -752.2065840639985),
(595.1845062979191, -751.8157984066094),
(595.5007618537618, -751.4286724100466),
(595.8170174096044, -751.0415464134838),
(596.1332729654471, -750.6544204169211),
(596.4495285212897, -750.2672944203583),
(596.7657840771324, -749.8801684237956),
(597.082039632975, -749.4930424272328),
(597.3996281148158, -749.107003840161),
(597.7172165966565, -748.7209652530893),
(598.0348050784972, -748.3349266660175),
(598.352393560338, -747.9488880789457),
(598.6699820421787, -747.562849491874),
(598.9918312056848, -747.1803562041489),
(599.3136803691908, -746.7978629164238),
(599.6355295326969, -746.4153696286987),
(599.9573786962029, -746.0328763409736),
(600.279227859709, -745.6503830532486),
(600.601077023215, -745.2678897655235),
(600.9233681278797, -744.8857688154934),
(601.2456592325444, -744.5036478654633),
(601.5679503372091, -744.1215269154333),
(601.8902414418739, -743.7394059654032),
(602.2125325465386, -743.3572850153731),
(602.5348236512033, -742.975164065343),
(602.8571547417777, -742.5930768473677),
(603.179485832352, -742.2109896293923),
(603.5018169229264, -741.828902411417),
(603.822714764187, -741.4456211192256),
(604.1436126054476, -741.0623398270343),
(604.4645104467082, -740.679058534843),
(604.7854082879688, -740.2957772426516),
(605.1063061292294, -739.9124959504603),
(605.42720397049, -739.529214658269),
(605.7477757177586, -739.1456712280648),
(606.0683474650272, -738.7621277978606),
(606.3889192122957, -738.3785843676563),
(606.7094909595643, -737.9950409374521),
(607.0300627068328, -737.6114975072479),
(607.3506344541014, -737.2279540770437),
(607.6711925462429, -736.8443996871932),
(607.9917506383844, -736.4608452973428),
(608.3123087305258, -736.0772909074923),
(608.6328668226673, -735.6937365176418),
(608.9534249148088, -735.3101821277913),
(609.2739830069503, -734.9266277379409),
(609.5993553556242, -734.5471629997679),
(609.9247277042981, -734.167698261595),
(610.250100052972, -733.788233523422),
(610.5754724016459, -733.4087687852491),
(610.9008447503198, -733.0293040470762),
(611.2262170989937, -732.6498393089032),
(611.5521144723708, -732.2708269799166),
(611.8780118457479, -731.89181465093),
(612.203909219125, -731.5128023219434),
(612.529806592502, -731.1337899929567),
(612.851050804615, -730.750761660347),
(613.1722950167281, -730.3677333277374),
(613.4935392288411, -729.9847049951277),
(613.8147834409541, -729.601676662518),
(614.1360276530671, -729.2186483299083),
(614.4572718651801, -728.8356199972986),
(614.7781704496205, -728.4522977415113),
(615.0990690340608, -728.068975485724),
(615.4199676185011, -727.6856532299366),
(615.7408662029414, -727.3023309741493),
(616.0617647873818, -726.919008718362),
(616.3826633718221, -726.5356864625746),
(616.706205280334, -726.1546978561964),
(617.0297471888458, -725.7737092498182),
(617.3532890973577, -725.39272064344),
(617.6768310058695, -725.0117320370618),
(618.0003729143814, -724.6307434306837),
(618.3239148228932, -724.2497548243055),
(618.6476904944553, -723.8689782645846),
(618.9714661660174, -723.4882017048637),
(619.2952418375795, -723.1074251451429),
(619.6190175091416, -722.726648585422),
(619.9427931807037, -722.3458720257012),
(620.0748810248915, -722.1905300426297),
(620.0748810248915, -722.1905300426297),
(620.4002807204272, -721.8110544421074),
(620.7256804159629, -721.4315788415852),
(621.0510801114985, -721.0521032410629),
(621.3764798070342, -720.6726276405407),
(621.7018795025699, -720.2931520400184),
(622.0272792261643, -719.9136764635301),
(622.3526789497587, -719.5342008870418),
(622.6780786733531, -719.1547253105535),
(623.0034783969475, -718.7752497340653),
(623.3288781205418, -718.395774157577),
(623.6542778441362, -718.0162985810887),
(623.979677571236, -717.636823007603),
(624.3050772983358, -717.2573474341173),
(624.6304770254357, -716.8778718606316),
(624.9558767525355, -716.4983962871459),
(625.2812764796353, -716.1189207136601),
(625.6066762067351, -715.7394451401744),
(625.9320759340185, -715.3599695668461),
(626.2574756613019, -714.9804939935177),
(626.5828753885853, -714.6010184201893),
(626.9082751158687, -714.221542846861),
(627.2336748431521, -713.8420672735326),
(627.5590745704355, -713.4625917002043),
(627.884474297837, -713.0831161269771),
(628.2098740252384, -712.7036405537499),
(628.5352737526398, -712.3241649805227),
(628.8606734800412, -711.9446894072955),
(629.1860732074426, -711.5652138340683),
(629.5115195458936, -711.1857984719012),
(629.8369658843446, -710.806383109734),
(630.1624122227956, -710.4269677475669),
(630.4878585612466, -710.0475523853997),
(630.8133048996976, -709.6681370232326),
(631.1370376914222, -709.2872488336986),
(631.4607704831467, -708.9063606441647),
(631.7845032748712, -708.5254724546307),
(632.1082360665957, -708.1445842650968),
(632.4319688583203, -707.7636960755628),
(632.7557016500448, -707.3828078860289),
(633.0786246796313, -707.0012429098144),
(633.4015477092178, -706.6196779336),
(633.7244707388043, -706.2381129573855),
(634.0473937683907, -705.856547981171),
(634.3703167979772, -705.4749830049566),
(634.6932398275637, -705.0934180287421),
(635.0160894409644, -704.7117918492362),
(635.338939054365, -704.3301656697303),
(635.6614540568053, -703.9482479367668),
(635.9839690592455, -703.5663302038034),
(636.3064840616858, -703.18441247084),
(636.628999064126, -702.8024947378766),
(636.9515140665662, -702.4205770049132),
(637.2740290690065, -702.0386592719498),
(637.5964985278381, -701.6567019193542),
(637.9189679866697, -701.2747445667586),
(638.2414374455013, -700.892787214163),
(638.563906904333, -700.5108298615675),
(638.8863763631646, -700.1288725089719),
(639.2088458219962, -699.7469151563763),
(639.5313137469884, -699.3649562092484),
(639.8537816719806, -698.9829972621204),
(640.0341421900084, -698.7693626391701),
(640.0341421900084, -698.7693626391701),
(640.4659581649889, -698.5178420896482),
(640.8977741399694, -698.2663215401262),
(641.32959011495, -698.0148009906043),
(641.7614060899305, -697.7632804410823),
(642.193222046383, -697.5117598593224),
(642.6250380028355, -697.2602392775625),
(643.056853959288, -697.0087186958026),
(643.4886699157405, -696.7571981140427),
(643.9204858717015, -696.5056775314257),
(644.3523018276626, -696.2541569488087),
(644.7841177836236, -696.0026363661917),
(645.2159337395847, -695.7511157835747),
(645.5760590796314, -695.4044098951554),
(645.936184419678, -695.057704006736),
(646.2963097597247, -694.7109981183166),
(646.6564350997714, -694.3642922298973),
(647.0165604398181, -694.0175863414779),
(647.3766857798648, -693.6708804530585),
(647.73055968067, -693.3177821223288),
(648.0844335814752, -692.9646837915991),
(648.4383074822804, -692.6115854608694),
(648.7921813830856, -692.2584871301397),
(649.1460552838907, -691.9053887994099),
(649.4997985310488, -691.5521592912679),
(649.8535417782068, -691.1989297831259),
(650.2072850253649, -690.8457002749839),
(650.5610282725229, -690.4924707668418),
(650.9147376204546, -690.1392072394921),
(651.2684469683863, -689.7859437121423),
(651.6221563163181, -689.4326801847925),
(651.9636986884714, -689.067686771598),
(652.3052410606247, -688.7026933584035),
(652.646783432778, -688.337699945209),
(652.9883258049313, -687.9727065320145),
(653.3298681770846, -687.60771311882),
(653.6553342659947, -687.2283240169079),
(653.9808003549049, -686.8489349149958),
(654.306266443815, -686.4695458130836),
(654.6317325327252, -686.0901567111715),
(654.9571986216354, -685.7107676092594),
(655.2826647105455, -685.3313785073473),
(655.6060124599095, -684.9501835397887),
(655.9293602092735, -684.5689885722301),
(656.2527079586374, -684.1877936046715),
(656.5760557080014, -683.8065986371129),
(656.8994034573653, -683.4254036695543),
(657.2227512067293, -683.0442087019957),
(657.5458270834647, -682.6627834354714),
(657.8689029602001, -682.2813581689471),
(658.1919788369355, -681.8999329024228),
(658.5150547136709, -681.5185076358986),
(658.8381305904063, -681.1370823693743),
(659.1612064671417, -680.75565710285),
(659.4834138381896, -680.3734849465453),
(659.8056212092374, -679.9913127902406),
(660.1278285802853, -679.6091406339359),
(660.4500359513331, -679.2269684776312),
(660.772243322381, -678.8447963213265),
(661.0944506934288, -678.4626241650218),
(661.4170104006652, -678.0807336503012),
(661.7395701079015, -677.6988431355807),
(662.0621298151378, -677.3169526208601),
(662.3846895223742, -676.9350621061395),
(662.7072492296105, -676.553171591419),
(663.0298089368468, -676.1712810766984),
(663.3524057959776, -675.7894203342964),
(663.6750026551083, -675.4075595918945),
(663.997599514239, -675.0256988494925),
(664.3201963733698, -674.6438381070906),
(664.6427932325005, -674.2619773646886),
(664.9653900916312, -673.8801166222867),
(665.2879900242618, -673.4982583435174),
(665.2879900242618, -673.4982583435174),
(665.6105899568925, -673.1164000647481),
(665.9331898895231, -672.7345417859788),
(666.2557898221537, -672.3526835072095),
(666.5783897547843, -671.9708252284402),
(666.900989687415, -671.5889669496709),
(667.2235898005688, -671.2071088156061),
(667.5461899137226, -670.8252506815414),
(667.8687900268765, -670.4433925474767),
(668.1913901400303, -670.061534413412),
(668.5139902531841, -669.6796762793473),
(668.836590366338, -669.2978181452826),
(669.1591904852562, -668.9159600158263),
(669.4817906041744, -668.53410188637),
(669.8043907230926, -668.1522437569137),
(670.1269908420109, -667.7703856274574),
(670.4495909609291, -667.388527498001),
(670.7721910803266, -667.0066693689486),
(671.0947911997241, -666.6248112398961),
(671.4173913191216, -666.2429531108436),
(671.7399914385192, -665.8610949817911),
(672.0625915579167, -665.4792368527386),
(672.3851916773142, -665.0973787236861),
(672.7077917964926, -664.7155205944482),
(673.0303919156711, -664.3336624652103),
(673.3529920348495, -663.9518043359724),
(673.675592154028, -663.5699462067345),
(673.9981922732064, -663.1880880774966),
(674.3207923923849, -662.8062299482586),
(674.6433925116181, -662.424371819067),
(674.9659926308514, -662.0425136898754),
(675.2885927500846, -661.6606555606837),
(675.6111928693178, -661.2787974314921),
(675.9337929885511, -660.8969393023004),
(676.2563931077843, -660.5150811731088),
(676.5789932269084, -660.133223043825),
(676.9015933460325, -659.7513649145411),
(677.2241934651566, -659.3695067852573),
(677.5467935842807, -658.9876486559734),
(677.8693937034049, -658.6057905266896),
(678.191993822529, -658.2239323974057),
(678.5145939416973, -657.8420742681592),
(678.8371940608656, -657.4602161389126),
(679.1597941800339, -657.0783580096661),
(679.4823942992023, -656.6964998804195),
(679.8049944183706, -656.314641751173),
(680.1275945375389, -655.9327836219264),
(680.4501946568452, -655.5509254927964),
(680.7727947761514, -655.1690673636664),
(681.0953948954576, -654.7872092345364),
(681.4179950147638, -654.4053511054063),
(681.7405951340701, -654.0234929762763),
(682.063195253461, -653.641634847218),
(682.3857953728519, -653.2597767181597),
(682.7083954922429, -652.8779185891015),
(683.0309956116338, -652.4960604600432),
(683.3535957310247, -652.1142023309849),
(683.6761958504156, -651.7323442019266),
(683.9987960401443, -651.3504861322072),
(684.3213962298729, -650.9686280624877),
(684.6439964196015, -650.5867699927683),
(684.9665966093302, -650.2049119230488),
(685.2891967990588, -649.8230538533294),
(685.6117969887874, -649.4411957836099),
(685.8107411116362, -649.2057079533115),
(685.8107411116362, -649.2057079533115),
(686.1358890495426, -648.8262534765119),
(686.461036987449, -648.4467989997122),
(686.783058727731, -648.0644970955419),
(687.105080468013, -647.6821951913716),
(687.4271022082951, -647.2998932872014),
(687.7491239485771, -646.9175913830311),
(688.0711456888591, -646.5352894788608),
(688.3931674291412, -646.1529875746905),
(688.7149661029049, -645.7704868653182),
(689.0367647766686, -645.3879861559458),
(689.3585634504324, -645.0054854465734),
(689.6803621241961, -644.622984737201),
(690.0025725355773, -644.2407845463165),
(690.3247829469585, -643.858584355432),
(690.6469933583397, -643.4763841645474),
(690.9692502982758, -643.0942183794665),
(691.2915072382119, -642.7120525943856),
(691.613764178148, -642.3298868093046),
(691.9344325919576, -641.9463119890457),
(692.2551010057672, -641.5627371687868),
(692.5757694195768, -641.1791623485279),
(692.8964378333864, -640.795587528269),
(693.2171062471959, -640.4120127080101),
(693.5377746610055, -640.0284378877512),
(693.8583430375544, -639.6447758202639),
(694.1789114141033, -639.2611137527766),
(694.4994797906521, -638.8774516852893),
(694.820048167201, -638.493789617802),
(695.1406165437498, -638.1101275503147),
(695.4611849202987, -637.7264654828274),
(695.781747426055, -637.3427982992724),
(696.1023099318112, -636.9591311157175),
(696.4228724375674, -636.5754639321625),
(696.7434349433237, -636.1917967486075),
(697.0639974490799, -635.8081295650526),
(697.3845599548362, -635.4244623814976),
(697.7051220864429, -635.0407948736032),
(698.0256842180496, -634.6571273657088),
(698.3462463496563, -634.2734598578144),
(698.666808481263, -633.88979234992),
(698.9873706128698, -633.5061248420255),
(699.3079327444765, -633.1224573341311),
(699.6284948571936, -632.7387898099079),
(699.9490569699107, -632.3551222856846),
(700.2696190826277, -631.9714547614614),
(700.5901811953448, -631.5877872372381),
(700.9107433080619, -631.2041197130148),
(701.231305420779, -630.8204521887916),
(701.5518677044201, -630.4367848072519),
(701.8724299880613, -630.0531174257122),
(702.1929922717025, -629.6694500441725),
(702.5135545553436, -629.2857826626329),
(702.8341168389848, -628.9021152810932),
(703.1546791226259, -628.5184478995535),
(703.475287716444, -628.1348206638136),
(703.795896310262, -627.7511934280736),
(704.1165049040801, -627.3675661923337),
(704.4371134978982, -626.9839389565938),
(704.7577220917162, -626.6003117208538),
(705.0458903826657, -626.2555012353696),
(705.0458903826657, -626.2555012353696),
(705.3650211955533, -625.8705998007173),
(705.6841520084408, -625.485698366065),
(706.0032828213284, -625.1007969314127),
(706.322413634216, -624.7158954967604),
(706.6415444658002, -624.330994077605),
(706.9606752973843, -623.9460926584497),
(707.2798061289685, -623.5611912392944),
(707.5989369605527, -623.1762898201391),
(707.9180677921369, -622.7913884009838),
(708.237198626975, -622.4064869845256),
(708.5563294618131, -622.0215855680674),
(708.8754602966512, -621.6366841516092),
(709.1945911314893, -621.251782735151),
(709.5137219663275, -620.8668813186928),
(709.8328528015162, -620.4819799025253),
(710.1519836367049, -620.0970784863578),
(710.4711144718937, -619.7121770701903),
(710.7902453070824, -619.3272756540227),
(711.1093761422711, -618.9423742378552),
(711.4285069775844, -618.557472821791),
(711.7476378128978, -618.1725714057267),
(712.0667686482111, -617.7876699896624),
(712.3858994835244, -617.4027685735981),
(712.7050303188378, -617.0178671575338),
(713.0441403987709, -616.6504892129826),
(713.383250478704, -616.2831112684314),
(713.7223605586371, -615.9157333238802),
(714.0614706385702, -615.548355379329),
(714.4005807185033, -615.1809774347778),
(714.7396907984364, -614.8135994902266),
(715.0809935516272, -614.4482647632926),
(715.422296304818, -614.0829300363587),
(715.7635990580088, -613.7175953094247),
(716.1049018111996, -613.3522605824908),
(716.4462045643904, -612.9869258555568),
(716.7875073175812, -612.6215911286229),
(717.2062776201502, -612.3489726450679),
(717.6250479227192, -612.0763541615129),
(718.0438182252882, -611.8037356779579),
(718.4625885278572, -611.5311171944029),
(718.8813588304262, -611.2584987108479),
(719.3001291329952, -610.9858802272929),
(719.757112881445, -610.7829881598876),
(720.2140966298948, -610.5800960924823),
(720.6710803783446, -610.377204025077),
(721.1280641267945, -610.1743119576718),
(721.5850478752443, -609.9714198902665),
(722.0683147190631, -609.8432736301456),
(722.5515815628819, -609.7151273700248),
(723.0348484067007, -609.586981109904),
(723.5181152505195, -609.4588348497831),
(724.0013820943383, -609.3306885896623),
(724.4846489381571, -609.2025423295414),
(724.9842063057625, -609.1827925827338),
(725.483763673368, -609.1630428359261),
(725.9833210409735, -609.1432930891185),
(726.4832306992016, -609.141388304141),
(726.9831403574298, -609.1394835191634),
(727.4830500156579, -609.1375787341858),
(727.9829596738861, -609.1356739492082),
(728.4604259639555, -609.2828101911458),
(728.9378922540249, -609.4299464330834),
(729.4153585440943, -609.577082675021),
(729.8928248341637, -609.7242189169585),
(730.3702911242331, -609.8713551588961),
(730.7985347606162, -610.1291843464829),
(731.2267783969994, -610.3870135340698),
(731.6550220333826, -610.6448427216566),
(732.0832656697658, -610.9026719092434),
(732.504954191587, -611.170936467957),
(732.9266427134082, -611.4392010266705),
(733.3483312352295, -611.707465585384),
(733.7700197570507, -611.9757301440976),
(734.164915002841, -612.2824031398216),
(734.5598102486313, -612.5890761355455),
(734.9547054944215, -612.8957491312694),
(735.3496007402118, -613.2024221269934),
(735.7444959860021, -613.5090951227173),
(736.1393912317924, -613.8157681184413),
(736.5312340404425, -614.1263414619153),
(736.9230768490927, -614.4369148053894),
(737.3149196577428, -614.7474881488635),
(737.706762466393, -615.0580614923375),
(738.0986052750432, -615.3686348358116),
(738.4904480836933, -615.6792081792856),
(738.8819865630187, -615.990165796558),
(739.2735250423441, -616.3011234138304),
(739.6650635216695, -616.6120810311028),
(740.0566020009949, -616.9230386483752),
(740.4481404803203, -617.2339962656475),
(740.8396789596457, -617.5449538829199),
(741.2311893476549, -617.8559469296456),
(741.6226997356641, -618.1669399763713),
(742.0142101236734, -618.477933023097),
(742.4057205116826, -618.7889260698227),
(742.7972308996918, -619.0999191165483),
(743.1887412877011, -619.410912163274),
(743.3878878321266, -619.5691025778651),
(743.3878878321266, -619.5691025778651),
(743.7828667548413, -619.8754015027487),
(744.177845677556, -620.1817004276322),
(744.5728246002707, -620.4879993525158),
(744.9678037303759, -620.7942980099737),
(745.362782860481, -621.1005966674315),
(745.7577619905862, -621.4068953248894),
(746.1521590087378, -621.7142195625237),
(746.5465560268894, -622.0215438001579),
(746.940953045041, -622.3288680377922),
(747.3353500631927, -622.6361922754264),
(747.7297470813443, -622.9435165130607),
(748.1241440994959, -623.2508407506949),
(748.5185138991885, -623.5582015020177),
(748.9128836988812, -623.8655622533405),
(749.3072534985738, -624.1729230046633),
(749.7022744904054, -624.4794329301623),
(750.0972954822371, -624.7859428556612),
(750.4923164740687, -625.0924527811602),
(750.8873374659004, -625.3989627066592),
(751.282358457732, -625.7054726321581),
(751.6773794495637, -626.0119825576571),
(752.0724692315138, -626.3184017422217),
(752.4675590134639, -626.6248209267862),
(752.862648795414, -626.9312401113508),
(753.2577385773641, -627.2376592959154),
(753.6528283593142, -627.5440784804799),
(754.0479181412643, -627.8504976650445),
(754.4430149902654, -628.1569075172491),
(754.8381118392665, -628.4633173694538),
(755.2332086882676, -628.7697272216584),
(755.6283055372687, -629.076137073863),
(756.0234023862698, -629.3825469260677),
(756.4184992352709, -629.6889567782723),
(756.8135967555256, -629.9953657428331),
(757.2086942757803, -630.3017747073939),
(757.603791796035, -630.6081836719546),
(757.9988893162897, -630.9145926365154),
(758.3939868365444, -631.2210016010762),
(758.7890843567991, -631.527410565637),
(759.1837457771601, -631.8343982916576),
(759.5784071975211, -632.1413860176783),
(759.9730686178821, -632.448373743699),
(760.3703129985084, -632.7520041659049),
(760.7675573791348, -633.0556345881107),
(761.1648017597612, -633.3592650103166),
(761.5620461403876, -633.6628954325224),
(761.9598603583669, -633.9657763314631),
(762.3576745763462, -634.2686572304037),
(762.7554887943255, -634.5715381293444),
(763.1533030123048, -634.874419028285),
(763.2866060360102, -634.9759109755978),
(763.2866060360102, -634.9759109755978),
(763.6802086349715, -635.2841502200208),
(764.0738112339327, -635.5923894644438),
(764.467413832894, -635.9006287088669),
(764.8610165494064, -636.2088678032002),
(765.2546192659188, -636.5171068975335),
(765.6482219824312, -636.8253459918668),
(766.0418246989436, -637.1335850862001),
(766.4354275410976, -637.441824020217),
(766.8290303832516, -637.750062954234),
(767.2226332254056, -638.0583018882509),
(767.6162360675596, -638.3665408222678),
(768.0098389097136, -638.6747797562847),
(768.4034417518676, -638.9830186903016),
(768.7982611757354, -639.2897813065913),
(769.1930805996033, -639.596543922881),
(769.5879000234711, -639.9033065391707),
(769.9827194473389, -640.2100691554604),
(770.3775388712068, -640.51683177175),
(770.7723582950746, -640.8235943880397),
(771.166850569455, -641.1307744764637),
(771.5613428438355, -641.4379545648876),
(771.955835118216, -641.7451346533115),
(772.3503273925965, -642.0523147417355),
(772.7448196669769, -642.3594948301594),
(773.1393119413574, -642.6666749185833),
(773.5337954008768, -642.9738662419287),
(773.9282788603962, -643.2810575652741),
(774.3227623199156, -643.5882488886194),
(774.717245779435, -643.8954402119648),
(775.1117292389544, -644.2026315353102),
(775.5062126984737, -644.5098228586555),
(775.9006960154046, -644.8170143631997),
(776.2951793323355, -645.124205867744),
(776.6896626492663, -645.4313973722882),
(777.0841459661972, -645.7385888768324),
(777.478629283128, -646.0457803813766),
(777.8731126000589, -646.3529718859209),
(778.2675958847811, -646.6601634317828),
(778.6620791695034, -646.9673549776448),
(779.0565624542256, -647.2745465235068),
(779.4510457389479, -647.5817380693688),
(779.8455290236701, -647.8889296152308),
(780.2400123083924, -648.1961211610928),
(780.6344955210607, -648.5033127994728),
(781.028978733729, -648.8105044378528),
(781.4234619463973, -649.1176960762328),
(781.8179451590656, -649.4248877146129),
(782.212428371734, -649.7320793529929),
(782.6069115844023, -650.0392709913729),
(783.0013949440433, -650.3464624410608),
(783.3958783036844, -650.6536538907487),
(783.7903616633255, -650.9608453404367),
(784.1848450229666, -651.2680367901246),
(784.5793283826076, -651.5752282398125),
(784.9738117422487, -651.8824196895005),
(785.3682949641619, -652.1896113159996),
(785.7627781860751, -652.4968029424988),
(786.1572614079884, -652.803994568998),
(786.5517446299016, -653.1111861954971),
(786.9462278518148, -653.4183778219963),
(787.340711073728, -653.7255694484954),
(787.7351944368266, -654.0327608937031),
(788.1296777999253, -654.3399523389107),
(788.5241611630239, -654.6471437841184),
(788.9186445261225, -654.954335229326),
(789.3131278892212, -655.2615266745337),
(789.7076111397579, -655.5687182643353),
(790.1020943902946, -655.8759098541369),
(790.4965776408313, -656.1831014439385),
(790.891060891368, -656.4902930337402),
(791.2855441419048, -656.7974846235418),
(791.6800273924415, -657.1046762133434),
(792.0747790045924, -657.4115233291811),
(792.4695306167433, -657.7183704450189),
(792.8642822288942, -658.0252175608566),
(793.2590338410452, -658.3320646766944),
(793.6537854531961, -658.6389117925321),
(794.048537065347, -658.9457589083698),
(794.4450073618493, -659.2503744620932),
(794.8414776583517, -659.5549900158165),
(795.237947954854, -659.8596055695399),
(795.6346852720586, -660.1638719868733),
(796.0314225892632, -660.4681384042068),
(796.4281599064678, -660.7724048215402),
(796.8248972236725, -661.0766712388737),
(797.2220468703198, -661.3803993756663),
(797.6191965169671, -661.684127512459),
(798.0163461636145, -661.9878556492516),
(798.413520291941, -662.2915517785281),
(798.8106944202676, -662.5952479078045),
(799.2078685485942, -662.8989440370809),
(799.6050441612978, -663.2026382254667),
(800.0022197740013, -663.5063324138524),
(800.3993953867049, -663.8100266022382),
(800.7965710891044, -664.1137206733417),
(801.1937467915039, -664.4174147444453),
(801.5909224939035, -664.7211088155489),
(801.9880796944365, -665.0248274111254),
(802.3852368949695, -665.328546006702),
(802.7823940955025, -665.6322646022786),
(803.1795512960355, -665.9359831978552),
(803.3788797865855, -666.0884159603156),
(803.3788797865855, -666.0884159603156),
(803.776104438022, -666.3920451245907),
(804.1732893876894, -666.6957269363794),
(804.5704743373567, -666.9994087481681),
(804.967659287024, -667.3030905599568),
(805.3648367440916, -667.6067823050712),
(805.7620142011591, -667.9104740501856),
(806.1591916582266, -668.2141657953),
(806.5563678029562, -668.5178592774432),
(806.9535439476857, -668.8215527595864),
(807.3504665348738, -669.1255504402171),
(807.7473891220619, -669.4295481208478),
(808.14431170925, -669.7335458014785),
(808.5412342964381, -670.0375434821092),
(808.9381568836262, -670.3415411627399),
(809.3350794708143, -670.6455388433706),
(809.7306898457289, -670.9512677490795),
(810.1263002206434, -671.2569966547885),
(810.521910595558, -671.5627255604975),
(810.9175209704725, -671.8684544662065),
(811.3131313453871, -672.1741833719154),
(811.7087193299718, -672.4799416233018),
(812.1043073145565, -672.7856998746881),
(812.4998952991413, -673.0914581260745),
(812.895483283726, -673.3972163774608),
(813.2910712683107, -673.7029746288472),
(813.686659027674, -674.0087331753124),
(814.0822467870372, -674.3144917217776),
(814.4778345464005, -674.6202502682428),
(814.8734223057637, -674.926008814708),
(815.2690100103512, -675.2317674329466),
(815.6645977149386, -675.5375260511853),
(816.0601854195261, -675.843284669424),
(816.4557731167799, -676.1490432971761),
(816.8513608140338, -676.4548019249283),
(817.2469485112877, -676.7605605526805),
(817.6425362085415, -677.0663191804327),
(818.038123905271, -677.3720778088655),
(818.4337116020006, -677.6778364372982),
(818.8292992987301, -677.9835950657309),
(819.2248869954597, -678.2893536941637),
(819.6204747333677, -678.5951122693117),
(820.0160624712757, -678.9008708444597),
(820.4116502091838, -679.2066294196078),
(820.8072379505776, -679.5123879902452),
(821.2028256919714, -679.8181465608826),
(821.5984134333652, -680.12390513152),
(821.9940013251824, -680.4296635075181),
(822.3895892169995, -680.7354218835161),
(822.7851771088167, -681.0411802595141),
(823.1807650006339, -681.3469386355122),
(823.3795480158296, -681.5005822964013),
(823.3795480158296, -681.5005822964013),
(823.7745074054623, -681.8071666222031),
(824.1694667950949, -682.113750948005),
(824.5644261847275, -682.4203352738068),
(824.9593855743601, -682.7269195996087),
(825.3543449639927, -683.0335039254105),
(825.7492916106614, -683.3401051567946),
(826.1442382573301, -683.6467063881787),
(826.5391849039988, -683.9533076195628),
(826.9341315506675, -684.2599088509469),
(827.3290781973362, -684.566510082331),
(827.7240248440049, -684.8731113137151),
(828.1189703437824, -685.1797140670151),
(828.5139158435599, -685.4863168203151),
(828.9088613433373, -685.7929195736151),
(829.3038068431148, -686.0995223269151),
(829.6987523428922, -686.4061250802151),
(830.0936978426697, -686.7127278335151),
(830.4886432214491, -687.0193307466586),
(830.8835886002286, -687.3259336598021),
(831.278533979008, -687.6325365729456),
(831.6734793577874, -687.9391394860891),
(832.0684247365668, -688.2457423992325),
(832.4633701153463, -688.552345312376),
(832.8583155023149, -688.8589482152892),
(833.2532608892835, -689.1655511182023),
(833.6482062762522, -689.4721540211154),
(834.0431516632208, -689.7787569240286),
(834.4380970501894, -690.0853598269417),
(834.833042437158, -690.3919627298549),
(835.2279877489418, -690.6985657296609),
(835.6229330607256, -691.005168729467),
(836.0178783725094, -691.311771729273),
(836.4128236842931, -691.618374729079),
(836.8077689960769, -691.9249777288851),
(837.2027143078607, -692.2315807286911),
(837.5957859777991, -692.5405820871637),
(837.9888576477375, -692.8495834456362),
(838.3819293176759, -693.1585848041087),
(838.7750009876144, -693.4675861625813),
(839.1680726575528, -693.7765875210538),
(839.1950996828382, -693.7978339963593),
(839.1950996828382, -693.7978339963593),
(839.5790520220876, -694.1179465985897),
(839.963004361337, -694.4380592008201),
(840.3469567005864, -694.7581718030506),
(840.7309090398358, -695.078284405281),
(841.1148615032001, -695.3983968586657),
(841.4988139665645, -695.7185093120504),
(841.8827664299289, -696.0386217654351),
(842.2667188932933, -696.3587342188198),
(842.6506713614945, -696.6788466664045),
(843.0346238296956, -696.9989591139893),
(843.4185762978968, -697.319071561574),
(843.802528766098, -697.6391840091587),
(844.1924453254977, -697.9518904237161),
(844.5823618848974, -698.2645968382735),
(844.9722784442971, -698.5773032528309),
(845.3621950036968, -698.8900096673883),
(845.7521115630965, -699.2027160819457),
(846.1420281224962, -699.5154224965031),
(846.53246374058, -699.8274691450504),
(846.9228993586639, -700.1395157935976),
(847.3133349767478, -700.4515624421449),
(847.7037705948317, -700.7636090906922),
(848.0942062129155, -701.0756557392394),
(848.4846418309994, -701.3877023877867),
(848.8542282529268, -701.7243913615223),
(849.2238146748541, -702.0610803352579),
(849.5934010967815, -702.3977693089935),
(849.9629875187088, -702.7344582827291),
(850.3298329273217, -703.074071204293),
(850.6966783359346, -703.4136841258569),
(851.0635237445475, -703.7532970474208),
(851.4303691531604, -704.0929099689847),
(851.7655163076944, -704.4636372760514),
(852.1006634622283, -704.834364583118),
(852.4358106167623, -705.2050918901847),
(852.7659103374132, -705.580150369304),
(853.096010058064, -705.9552088484232),
(853.4261097787149, -706.3302673275425),
(853.7562094993658, -706.7053258066618),
(854.022173627288, -707.128657959957),
(854.2881377552102, -707.5519901132521),
(854.5541018831324, -707.9753222665473),
(854.8200660110546, -708.3986544198425),
(855.0860301389768, -708.8219865731377),
(855.3103017895562, -709.2688395873829),
(855.5345734401357, -709.7156926016281),
(855.7588450907151, -710.1625456158733),
(855.9831167412946, -710.6093986301186),
(856.2020324462853, -711.0589029386007),
(856.4209481512761, -711.5084072470828),
(856.6398638562669, -711.9579115555649),
(856.8587795612576, -712.407415864047),
(856.8166911859782, -712.9055918471227),
(856.7746028106989, -713.4037678301983),
(856.7325144354195, -713.9019438132739),
(856.6904260601401, -714.4001197963495),
(856.6289252707289, -714.8962719943389),
(856.5674244813177, -715.3924241923283),
(856.5059236919066, -715.8885763903178),
(856.4444229024954, -716.3847285883072),
(856.3829221130842, -716.8808807862966),
(856.3182006319549, -717.3766229191494),
(856.2534791508257, -717.8723650520022),
(856.1887576696964, -718.368107184855),
(856.1240361885672, -718.8638493177078),
(855.8931068529411, -719.3073173766329),
(855.662177517315, -719.750785435558),
(855.4312481816888, -720.1942534944831),
(855.2003188460627, -720.6377215534081),
(854.9512993287971, -721.0712931078267),
(854.7022798115314, -721.5048646622453),
(854.4532602942658, -721.9384362166638),
(854.2042407770001, -722.3720077710824),
(853.9552212597345, -722.805579325501),
(853.6412780244, -723.1947288694138),
(853.3273347890655, -723.5838784133266),
(853.013391553731, -723.9730279572394),
(852.6994483183965, -724.3621775011522),
(852.3855050830621, -724.7513270450651),
(852.0679706897268, -725.1375509692718),
(851.7504362963916, -725.5237748934786),
(851.4329019030564, -725.9099988176854),
(851.1153675097212, -726.2962227418922),
(850.797833116386, -726.6824466660989),
(850.4802987230507, -727.0686705903057),
(850.162265937974, -727.4544840832309),
(849.8442331528972, -727.8402975761561),
(849.5262003678205, -728.2261110690813),
(849.2081675827437, -728.6119245620065),
(848.890134797667, -728.9977380549317),
(848.5720849243387, -729.3835374562757),
(848.2540350510104, -729.7693368576197),
(847.9359851776821, -730.1551362589637),
(847.6179353043539, -730.5409356603077),
(847.2998854310256, -730.9267350616517),
(846.9818355576973, -731.3125344629957),
(846.9646401486825, -731.3333927593194),
(846.9646401486825, -731.3333927593194),
(846.6421646483653, -731.7154684004863),
(846.3196891480482, -732.0975440416532),
(845.997213647731, -732.4796196828202),
(845.6747381474138, -732.8616953239871),
(845.3522626470966, -733.243770965154),
(845.0297783648928, -733.6258375137081),
(844.7072940826889, -734.0079040622622),
(844.3848098004851, -734.3899706108164),
(844.0623234369016, -734.7720349980739),
(843.7398370733181, -735.1540993853314),
(843.4173507097346, -735.5361637725889),
(843.094518918118, -735.9179329410939),
(842.7716871265013, -736.2997021095989),
(842.4488553348847, -736.6814712781039),
(842.126023543268, -737.0632404466089),
(841.8031917516514, -737.4450096151139),
(841.4803599600348, -737.8267787836189),
(841.1574439928412, -738.2084857829614),
(840.8345280256476, -738.5901927823038),
(840.511612058454, -738.9718997816462),
(840.1886960912605, -739.3536067809887),
(839.8655207996622, -739.7350490975597),
(839.542345508064, -740.1164914141307),
(839.2191702164658, -740.4979337307017),
(838.8959527137772, -740.8793309008294),
(838.5727352110886, -741.260728070957),
(838.2495177083999, -741.6421252410847),
(837.9262930166942, -742.0235357453961),
(837.6030683249885, -742.4049462497075),
(837.2798436332828, -742.7863567540188),
(836.9566189415771, -743.1677672583302),
(836.6333942498713, -743.5491777626415),
(836.3101253050769, -743.9305517472575),
(835.9868897922732, -744.3119413030395),
(835.6636542794696, -744.6933308588215),
(835.340418766666, -745.0747204146035),
(835.0745422381442, -745.388431399595),
(835.0745422381442, -745.388431399595),
(834.7518867834141, -745.7701710487535),
(834.429231328684, -746.151910697912),
(834.1065712283722, -746.5338131521632),
(833.7839111280605, -746.9157156064146),
(833.4612510277487, -747.2976180606659),
(833.1385970007195, -747.6795461927659),
(832.8159429736903, -748.0614743248659),
(832.4932889466611, -748.4434024569659),
(832.170704985328, -748.8253484691452),
(831.848121023995, -749.2072944813244),
(831.5255370626619, -749.5892404935037),
(831.2029531013288, -749.9711865056829),
(830.8803691399958, -750.3531325178622),
(830.5577851786627, -750.7350785300414),
(830.2352052573707, -751.1170284043931),
(829.9126154325546, -751.4990065430683),
(829.5900256077385, -751.8809846817435),
(829.2674357829225, -752.2629628204187),
(828.9448447744844, -752.6449454844468),
(828.6222537660464, -753.0269281484749),
(828.2996627576083, -753.408910812503),
(827.9772024859951, -753.7909191723021),
(827.6547422143819, -754.1729275321012),
(827.3322819427688, -754.5549358919003),
(827.0098492858356, -754.9369456192541),
(826.6874166289024, -755.3189553466078),
(826.3649839719692, -755.7009650739616),
(826.0428425112669, -756.0832501901643),
(825.7207010505647, -756.4655353063671),
(825.3985595898624, -756.8478204225698),
(825.07647405228, -757.2301579438466),
(824.7543885146976, -757.6124954651234),
(824.4323029771151, -757.9948329864002),
(824.1102065916023, -758.377206114363),
(823.7881102060894, -758.7595792423259),
(823.4660138205766, -759.1419523702888),
(823.1439160668866, -759.5243314791644),
(822.8218183131967, -759.90671058804),
(822.4997205595067, -760.2890896969157),
(822.177773843988, -760.6714897872257),
(821.8558271284693, -761.0538898775358),
(821.5338804129506, -761.4362899678458),
(821.2119336974318, -761.8186900581559),
(820.8899869819131, -762.2010901484659),
(820.5680402663944, -762.583490238776),
(820.2460591073811, -762.9659526404395),
(819.9240779483679, -763.3484150421029),
(819.6020967893546, -763.7308774437664),
(819.2801156303414, -764.1133398454299),
(818.9581344713281, -764.4958022470934),
(818.6358744151452, -764.8779996237773),
(818.3136143589622, -765.2601970004613),
(817.9913543027793, -765.6423943771453),
(817.6690942465964, -766.0245917538292),
(817.3468341904135, -766.4067891305132),
(817.0245741342305, -766.7889865071971),
(816.7022940573473, -767.1711646148491),
(816.3800139804641, -767.553342722501),
(816.0577339035809, -767.935520830153),
(815.7354538266977, -768.317698937805),
(815.4131737498145, -768.6998770454569),
(815.090893199493, -769.0820546970562),
(814.7686126491716, -769.4642323486554),
(814.4463320988501, -769.8464100002547),
(814.1240515485287, -770.2285876518539),
(813.8017709982072, -770.6107653034531),
(813.8017709982072, -770.6107653034531),
(813.4794904478857, -770.9929429550524),
(813.1572098315056, -771.3751205430007),
(812.8349292151255, -771.7572981309489),
(812.5126485987454, -772.1394757188972),
(812.1903679823653, -772.5216533068455),
(811.8680873659852, -772.9038308947937),
(811.545806749605, -773.286008482742),
(811.223526126364, -773.6681860640952),
(810.901245503123, -774.0503636454483),
(810.578964879882, -774.4325412268015),
(810.256684256641, -774.8147188081547),
(809.9344036334, -775.1968963895079),
(809.612123010159, -775.579073970861),
(809.2898423864349, -775.961251551758),
(808.9675617627107, -776.3434291326549),
(808.6452811389865, -776.7256067135519),
(808.3230005152624, -777.1077842944488),
(808.0007198915382, -777.4899618753458),
(807.6784392679847, -777.8721394563861),
(807.3561586444312, -778.2543170374264),
(807.0338780208776, -778.6364946184667),
(806.7115973973241, -779.018672199507),
(806.3893167737706, -779.4008497805473),
(806.0670361502171, -779.7830273615876),
(805.7447555263999, -780.1652049424054),
(805.4224749025827, -780.5473825232231),
(805.1001942787656, -780.9295601040408),
(804.7779136549484, -781.3117376848585),
(804.4556330311312, -781.6939152656762),
(804.1333524073141, -782.0760928464939),
(803.8110717839328, -782.4582704276794),
(803.4887911605515, -782.8404480088649),
(803.1665105371702, -783.2226255900504),
(802.8442299137889, -783.6048031712359),
(802.5219492904076, -783.9869807524213),
(802.1996686670263, -784.3691583336068),
(801.8773880435535, -784.7513359147151),
(801.5551074200807, -785.1335134958234),
(801.5551074200807, -785.1335134958234),
(801.2328267966079, -785.5156910769317),
(800.9105461731351, -785.89786865804),
(800.5882655496623, -786.2800462391483),
(800.2667222419616, -786.6628411283931),
(799.9451789342609, -787.0456360176379),
(799.6236356265601, -787.4284309068827),
(799.3020923188594, -787.8112257961275),
(798.9805490111587, -788.1940206853723),
(798.659005703458, -788.5768155746171),
(798.3375475943328, -788.9596816366382),
(798.0160894852077, -789.3425476986592),
(797.6946313760825, -789.7254137606803),
(797.3731732669573, -790.1082798227014),
(797.0517151578322, -790.4911458847225),
(796.730257048707, -790.8740119467436),
(796.4088067781252, -791.2568845552396),
(796.0873565075433, -791.6397571637356),
(795.7659062369614, -792.0226297722315),
(795.4444559663796, -792.4055023807275),
(795.1230056957977, -792.7883749892235),
(794.8015554252158, -793.1712475977195),
(794.4801056819091, -793.554120646567),
(794.1586559386024, -793.9369936954145),
(793.8372061952956, -794.319866744262),
(793.5157564519889, -794.7027397931095),
(793.1943067086821, -795.085612841957),
(792.8728569653754, -795.4684858908045),
(792.5514072440402, -795.8513589580024),
(792.229957522705, -796.2342320252003),
(791.9085078013699, -796.6171050923982),
(791.5870580800347, -796.9999781595961),
(791.2656083586995, -797.3828512267941),
(790.9441586374661, -797.7657242940764),
(790.6227089162327, -798.1485973613588),
(790.3012591949993, -798.5314704286412),
(789.9798094737658, -798.9143434959236),
(789.6583597525324, -799.297216563206),
(789.336910031299, -799.6800896304884),
(789.0154603103355, -800.0629626979972),
(788.6940105893719, -800.4458357655061),
(788.3725608684084, -800.828708833015),
(788.0511111474449, -801.2115819005238),
(787.7296614264814, -801.5944549680327),
(787.4082117055178, -801.9773280355415),
(787.0867619842459, -802.3602011027912),
(786.7653122629739, -802.7430741700408),
(786.443862541702, -803.1259472372905),
(786.12241282043, -803.5088203045401),
(785.800963099158, -803.8916933717898),
(785.4795133778861, -804.2745664390394),
(785.1847497195913, -804.6783599942358),
(784.8899860612966, -805.0821535494323),
(784.5952224030018, -805.4859471046287),
(784.300458744707, -805.8897406598252),
(784.0056950864123, -806.2935342150216),
(783.7246145921611, -806.7069383918075),
(783.4435340979098, -807.1203425685934),
(783.1624536036586, -807.5337467453793),
(782.8813731094074, -807.9471509221652),
(782.6002926151561, -808.3605550989511),
(782.3212448325372, -808.7753291370277),
(782.0421970499183, -809.1901031751044),
(781.7631492672994, -809.604877213181),
(781.4841014846804, -810.0196512512576),
(781.2050537020615, -810.4344252893343),
(780.9262295961197, -810.8493491753075),
(780.6474054901779, -811.2642730612806),
(780.3685813842361, -811.6791969472538),
(780.0897572782943, -812.094120833227),
(779.8109331723525, -812.5090447192001),
(779.6452159213474, -812.9807145225587),
(779.4794986703422, -813.4523843259174),
(779.313781419337, -813.924054129276),
(779.1480641683319, -814.3957239326346),
(778.9823469173267, -814.8673937359932),
(778.8187482339995, -815.3398031355259),
(778.6551495506723, -815.8122125350586),
(778.491550867345, -816.2846219345913),
(778.3279521840178, -816.757031334124),
(778.1643535006906, -817.2294407336567),
(778.0007548173634, -817.7018501331894),
(777.8626342874486, -818.1006885301322),
(777.8626342874486, -818.1006885301322),
(777.5394965681337, -818.482205854694),
(777.2163588488188, -818.8637231792559),
(776.8932211295039, -819.2452405038177),
(776.570083410189, -819.6267578283796),
(776.2469456908741, -820.0082751529415),
(775.9238079715592, -820.3897924775033),
(775.6014023824362, -820.7719391330218),
(775.2789967933131, -821.1540857885402),
(774.9565912041901, -821.5362324440587),
(774.6343617893039, -821.9185298917678),
(774.3121323744176, -822.3008273394769),
(773.9899029595314, -822.683124787186),
(773.6677159281375, -823.0654584748073),
(773.3455288967435, -823.4477921624286),
(773.0233418653496, -823.83012585005),
(772.701165036772, -824.2124682594186),
(772.3789882081943, -824.5948106687873),
(772.0568113796166, -824.977153078156),
(771.7346372380171, -825.3594977815839),
(771.4124630964175, -825.7418424850117),
(771.0902889548179, -826.1241871884396),
(770.7681154612965, -826.5065324451693),
(770.4459419677751, -826.8888777018991),
(770.1237684742537, -827.2712229586289),
(769.8015942140565, -827.6535675643535),
(769.4794199538594, -828.0359121700781),
(769.1572456936623, -828.4182567758027),
(768.8350714334651, -828.8006013815273),
(768.5220924435416, -829.1720333774574),
(768.5220924435416, -829.1720333774574),
(768.1995509654325, -829.5540704666463),
(767.8770094873234, -829.9361075558352),
(767.5544680092144, -830.3181446450241),
(767.2319265311053, -830.700181734213),
(766.9093850529962, -831.0822188234018),
(766.5868434843262, -831.4642558361211),
(766.2643019156562, -831.8462928488403),
(765.9417603469863, -832.2283298615596),
(765.6192187783163, -832.6103668742788),
(765.2966772096463, -832.9924038869981),
(764.9741356409763, -833.3744408997173),
(764.6515940635768, -833.7564779050654),
(764.3290524861773, -834.1385149104134),
(764.0065109087777, -834.5205519157614),
(763.6839693313782, -834.9025889211094),
(763.3614277539787, -835.2846259264575),
(763.0388861766521, -835.6666629318671),
(762.7163445993256, -836.0486999372768),
(762.393803021999, -836.4307369426864),
(762.0712614446725, -836.812773948096),
(761.7487198673459, -837.1948109535057),
(761.4261782900194, -837.5768479589153),
(761.1036367125092, -837.95888496417),
(760.7810951349991, -838.3409219694247),
(760.4585535574889, -838.7229589746794),
(760.1360119799788, -839.1049959799341),
(759.8134704024686, -839.4870329851888),
(759.4909652565444, -839.8690980593825),
(759.1684601106202, -840.2511631335763),
(758.845954964696, -840.63322820777),
(758.5234498187718, -841.0152932819637),
(758.2009446728476, -841.3973583561575),
(757.8784395269234, -841.7794234303512),
(757.5559369562973, -842.1614904353679),
(757.2334343856711, -842.5435574403846),
(756.9104635597016, -842.9252467079287),
(756.5874927337321, -843.3069359754729),
(756.2645219077626, -843.6886252430171),
(755.9415510817931, -844.0703145105613),
(755.6185802558236, -844.4520037781054),
(755.2956094298542, -844.8336930456496),
(754.9728584217585, -845.2155684271963),
(754.6501074136628, -845.597443808743),
(754.3273564055671, -845.9793191902897),
(754.0046555072686, -846.3612369672127),
(753.68195460897, -846.7431547441356),
(753.3592537106715, -847.1250725210585),
(753.036606184145, -847.5070362795983),
(752.7139586576184, -847.8890000381381),
(752.3913111310918, -848.2709637966778),
(752.0686759571797, -848.6529381787282),
(751.7460407832676, -849.0349125607785),
(751.4234056093555, -849.4168869428288),
(751.1007733708057, -849.7988638471846),
(750.7781411322558, -850.1808407515405),
(750.4555088937059, -850.5628176558963),
(750.1328773356673, -850.9447951449469),
(749.8102457776288, -851.3267726339974),
(749.4876142195902, -851.7087501230479),
(749.1649830035846, -852.0907279023796),
(748.9427798859542, -852.353804285638),
(748.9427798859542, -852.353804285638),
(748.6201483383577, -852.7357817865122),
(748.2975167907612, -853.1177592873864),
(747.9748852431646, -853.4997367882606),
(747.6522536955681, -853.8817142891348),
(747.3296221479716, -854.263691790009),
(747.0068791149803, -854.6455737795832),
(746.684136081989, -855.0274557691573),
(746.3613930489977, -855.4093377587315),
(746.0386500160064, -855.7912197483056),
(745.7159069830151, -856.1731017378797),
(745.3931639500238, -856.5549837274539),
(745.0695682932601, -856.9361365058529),
(744.7459726364964, -857.317289284252),
(744.4223769797327, -857.698442062651),
(744.098781322969, -858.07959484105),
(743.7751856662053, -858.4607476194491),
(743.4515900094416, -858.8419003978481),
(743.12824218842, -859.2232636088588),
(742.8048943673984, -859.6046268198695),
(742.4815465463769, -859.9859900308802),
(742.1582588372933, -860.3674042398427),
(741.8349711282096, -860.7488184488052),
(741.511683419126, -861.1302326577677),
(741.1888744517979, -861.5120536923974),
(740.8660654844698, -861.8938747270272),
(740.5432565171417, -862.275695761657),
(740.2204475498136, -862.6575167962867),
(739.8976385824855, -863.0393378309165),
(739.5748296151573, -863.4211588655462),
(739.2520871098131, -863.8030362864823),
(738.929344604469, -864.1849137074184),
(738.6066020991248, -864.5667911283546),
(738.2838595937806, -864.9486685492907),
(737.9611170884364, -865.3305459702268),
(737.6383745830922, -865.7124233911629),
(737.3159027741991, -866.0945283182275),
(736.9934309653061, -866.4766332452921),
(736.670959156413, -866.8587381723567),
(736.34848734752, -867.2408430994212),
(736.0260155386269, -867.6229480264858),
(735.7035437297338, -868.0050529535504),
(735.3817823393674, -868.3877518663614),
(735.060020949001, -868.7704507791725),
(734.7382595586346, -869.1531496919836),
(734.4164981682682, -869.5358486047946),
(734.0947367779017, -869.9185475176057),
(733.7729753875353, -870.3012464304168),
(733.4512860913993, -870.6840054522671),
(733.1295967952633, -871.0667644741175),
(732.8079074991273, -871.4495234959678),
(732.4862182029913, -871.8322825178182),
(732.1645289068553, -872.2150415396685),
(731.842841198173, -872.5978018847177),
(731.5211534894908, -872.9805622297669),
(731.1994657808085, -873.363322574816),
(730.8777780721263, -873.7460829198652),
(730.556090363444, -874.1288432649144),
(730.2344026547618, -874.5116036099636),
(729.9127151365725, -874.8943641137948),
(729.5910276183832, -875.2771246176261),
(729.269340100194, -875.6598851214574),
(728.9476525820047, -876.0426456252886),
(728.6259650638154, -876.4254061291199),
(728.3042775531196, -876.8081666391956),
(727.9825900424238, -877.1909271492714),
(727.660902531728, -877.5736876593471),
(727.3392150210321, -877.9564481694229),
(727.0175275103363, -878.3392086794986),
(726.6958399996405, -878.7219691895743),
(726.3741524901037, -879.1047297006169),
(726.0524649805669, -879.4874902116594),
(725.7307774710301, -879.8702507227019),
(725.4090899614934, -880.2530112337445),
(725.0874024519566, -880.635771744787),
(724.7657149691881, -881.0185322783187),
(724.4440274864197, -881.4012928118505),
(724.1223400036513, -881.7840533453822),
(723.8006525208829, -882.1668138789139),
(723.4789650381144, -882.5495744124456),
(723.157277555346, -882.9323349459773),
(722.9967126573902, -883.1233834302984),
(720.8996367629152, -881.3800128926523),
(720.5758683454179, -881.761027235945),
(720.2520999279207, -882.1420415792377),
(719.9283315104234, -882.5230559225304),
(719.6045630929261, -882.9040702658231),
(719.2807946754289, -883.2850846091158),
(718.957960746425, -883.6668801950972),
(718.6351268174211, -884.0486757810786),
(718.3122928884172, -884.43047136706),
(717.9894589594134, -884.8122669530414),
(717.6666250304095, -885.1940625390229),
(717.3437911014056, -885.5758581250043),
(717.021082840761, -885.9577578508338),
(716.6983745801164, -886.3396575766633),
(716.3756663194717, -886.7215573024928),
(716.0529580588271, -887.1034570283223),
(715.7302497981825, -887.4853567541518),
(715.4075415375379, -887.8672564799813),
(715.0848487547906, -888.2491690166162),
(714.7621559720434, -888.6310815532511),
(714.4394631892961, -889.012994089886),
(714.1167704065489, -889.3949066265209),
(713.7940807789874, -889.7768029522538),
(713.471391151426, -890.1586992779867),
(713.1487015238646, -890.5405956037196),
(712.8260118963032, -890.9224919294525),
(712.5033222687417, -891.3043882551854),
(712.1806326411803, -891.6862845809183),
(711.8577777133089, -892.0680367273658),
(711.5349227854375, -892.4497888738133),
(711.2120678575661, -892.8315410202608),
(710.8891781215824, -893.2132627553998),
(710.5662883855987, -893.5949844905388),
(710.243398649615, -893.9767062256777),
(709.9205009358171, -894.3584209875812),
(709.5976032220193, -894.7401357494847),
(709.2747055082215, -895.1218505113882),
(708.9518077944236, -895.5035652732917),
(708.6289100806258, -895.8852800351951),
(708.3052821284122, -896.2663867697934),
(707.9816541761985, -896.6474935043916),
(707.6580262239848, -897.0286002389898),
(707.3342608679683, -897.4095921134187),
(707.0104955119517, -897.7905839878476),
(706.6867301559352, -898.1715758622765),
(706.3630502683872, -898.5526429304941),
(706.0393703808392, -898.9337099987117),
(705.7156904932912, -899.3147770669293),
(705.3920267579731, -899.6958583274399),
(705.068363022655, -900.0769395879504),
(704.744699287337, -900.4580208484609),
(704.4210567819424, -900.8391205896671),
(704.0974142765479, -901.2202203308733),
(703.7737717711533, -901.6013200720795),
(703.4501292657587, -901.9824198132857),
(703.1263372202725, -902.3633927126463),
(702.8025451747862, -902.7443656120068),
(702.4787531293, -903.1253385113674),
(702.1549610838138, -903.506311410728),
(701.8602155643748, -903.8531082412228),
(701.8602155643748, -903.8531082412228),
(701.5220619779092, -904.2213888517983),
(701.1839083914435, -904.5896694623739),
(700.8457548049779, -904.9579500729494),
(700.5076012185123, -905.326230683525),
(700.1694475998821, -905.6945112645562),
(699.831293981252, -906.0627918455875),
(699.4931403626218, -906.4310724266188),
(699.1549867439917, -906.7993530076501),
(698.8168331253615, -907.1676335886814),
(698.4836624903062, -907.5404325657317),
(698.1504918552508, -907.9132315427821),
(697.8173212201955, -908.2860305198325),
(697.4841505851401, -908.6588294968828),
(697.1509799500848, -909.0316284739332),
(696.8184078445865, -909.4049619965372),
(696.4858357390883, -909.7782955191411),
(696.1532636335901, -910.1516290417451),
(695.8206915280919, -910.524962564349),
(695.4881194225936, -910.898296086953),
(695.1555473170954, -911.271629609557),
(694.8279978563631, -911.6493814509445),
(694.5004483956309, -912.027133292332),
(694.1728989348986, -912.4048851337195),
(693.8454218979832, -912.7826998157423),
(693.5179448610678, -913.160514497765),
(693.1904678241524, -913.5383291797878),
(692.8629928898513, -913.9161456858545),
(692.5355179555502, -914.2939621919213),
(692.2080430212491, -914.6717786979881),
(691.8805681710452, -915.0495952770099),
(691.5530933208413, -915.4274118560317),
(691.2256184706374, -915.8052284350534),
(690.9023007608248, -916.186614820261),
(690.5789830510122, -916.5680012054685),
(690.2556653411996, -916.949387590676),
(689.932347631387, -917.3307739758835),
(689.6090299215743, -917.712160361091),
(689.2857122117617, -918.0935467462986),
(688.9627102670229, -918.4752011872291),
(688.639708322284, -918.8568556281597),
(688.3167063775452, -919.2385100690902),
(687.9937044328063, -919.6201645100208),
(687.6707024880675, -920.0018189509514),
(687.3477005433286, -920.3834733918819),
(687.0247225429173, -920.7651481403756),
(686.7017445425059, -921.1468228888692),
(686.3787665420946, -921.5284976373629),
(686.0557918157235, -921.9101751622524),
(685.7328170893525, -922.2918526871418),
(685.4098423629814, -922.6735302120313),
(685.119050851732, -923.0171750090085),
(685.119050851732, -923.0171750090085),
(684.7889534725833, -923.3927067130073),
(684.4588560934346, -923.7682384170062),
(684.1287587142859, -924.143770121005),
(683.7986613351372, -924.5193018250038),
(683.4685639559885, -924.8948335290027),
(683.1384665908574, -925.2703652453151),
(682.8083692257263, -925.6458969616276),
(682.4782718605952, -926.0214286779401),
(682.1481744954641, -926.3969603942526),
(681.818077130333, -926.772492110565),
(681.4879797652019, -927.1480238268775),
(681.1578824015695, -927.5235555445064),
(680.8277850379371, -927.8990872621353),
(680.4976876743048, -928.2746189797641),
(680.1675903106724, -928.650150697393),
(679.83749294704, -929.0256824150218),
(679.5073955834076, -929.4012141326507),
(679.1772982198222, -929.7767458503207),
(678.8472008562368, -930.1522775679907),
(678.5171034926514, -930.5278092856607),
(678.1870061290659, -930.9033410033308),
(677.8569087654805, -931.2788727210008),
(677.5268114018951, -931.6544044386708),
(677.1544856191697, -931.988114449169),
(676.7821598364443, -932.3218244596671),
(676.4098340537189, -932.6555344701653),
(676.0370317537049, -932.9887120696395),
(675.664229453691, -933.3218896691137),
(675.291427153677, -933.6550672685879),
(674.8407879184292, -933.871617086374),
(674.3901486831815, -934.0881669041602),
(673.9395094479337, -934.3047167219463),
(673.4802056800484, -934.5022168293772),
(673.020901912163, -934.699716936808),
(672.5615981442777, -934.8972170442389),
(672.1022943763924, -935.0947171516698),
(671.6271391948964, -935.2503624716379),
(671.1519840134004, -935.406007791606),
(670.6768288319043, -935.5616531115742),
(670.2007024613814, -935.714295999423),
(669.7245760908585, -935.8669388872719),
(669.2484497203355, -936.0195817751207),
(668.7495020034888, -936.0519696585832),
(668.2505542866421, -936.0843575420456),
(667.7516065697954, -936.116745425508),
(667.2526588529487, -936.1491333089705),
(666.753711136102, -936.1815211924329),
(666.2624403740327, -936.0885092668838),
(665.7711696119635, -935.9954973413346),
(665.2798988498943, -935.9024854157855),
(664.788628087825, -935.8094734902363),
(664.3018341497275, -935.6953247848202),
(663.8150402116299, -935.581176079404),
(663.3282462735324, -935.4670273739879),
(662.8414523354348, -935.3528786685717),
(662.4004901766941, -935.1172579096178),
(661.9595280179534, -934.8816371506639),
(661.5185658592127, -934.64601639171),
(661.077603700472, -934.410395632756),
(660.6366415417313, -934.1747748738021),
(660.1956793829905, -933.9391541148482),
(659.7909922432018, -933.6455170290379),
(659.3863051034131, -933.3518799432277),
(658.9816179636243, -933.0582428574174),
(658.5769308238356, -932.7646057716072),
(658.1722436840469, -932.470968685797),
(657.7679968266933, -932.1767254488434),
(657.3637499693398, -931.8824822118899),
(656.9595031119862, -931.5882389749363),
(656.5552562546327, -931.2939957379828),
(656.1510093972792, -930.9997525010292),
(655.7467710063283, -930.7054976269224),
(655.3425326153775, -930.4112427528155),
(654.9382942244267, -930.1169878787086),
(654.5340558334759, -929.8227330046018),
(654.1298174425251, -929.5284781304949),
(654.0556106147706, -929.4744611908682),
(654.0556106147706, -929.4744611908682),
(653.6753856355143, -929.1497749443012),
(653.2951606562581, -928.8250886977341),
(652.9149356770018, -928.5004024511671),
(652.5347106977456, -928.1757162046001),
(652.1544857184894, -927.8510299580331),
(651.7727869830619, -927.5281201598336),
(651.3910882476345, -927.2052103616342),
(651.009389512207, -926.8823005634347),
(650.6276295781022, -926.5594655754642),
(650.2458696439974, -926.2366305874937),
(649.8641097098925, -925.9137955995232),
(649.4823468302912, -925.5909641997052),
(649.10058395069, -925.2681327998873),
(648.7188210710887, -924.9453014000694),
(648.3370580660682, -924.622470153059),
(647.9552950610477, -924.2996389060486),
(647.5735320560271, -923.9768076590382),
(647.191769367351, -923.6539760382391),
(646.8100066786748, -923.33114441744),
(646.4282439899986, -923.0083127966409),
(646.0464813154026, -922.6854811592041),
(645.6647186408067, -922.3626495217673),
(645.2829559662107, -922.0398178843304),
(644.9011929727263, -921.7169866239143),
(644.519429979242, -921.3941553634982),
(644.1376669857576, -921.071324103082),
(643.7559039780127, -920.7484928595256),
(643.3741409702678, -920.4256616159693),
(642.9923779625229, -920.1028303724129),
(642.6106152791223, -919.7799987453917),
(642.2288525957216, -919.4571671183705),
(641.8470899123209, -919.1343354913494),
(641.4653272434322, -918.8115038471711),
(641.0835645745434, -918.4886722029929),
(640.7018019056546, -918.1658405588147),
(640.320037638643, -917.8430108036677),
(639.9378686463594, -917.5206778459587),
(639.5556996540759, -917.1983448882498),
(639.1735306617923, -916.8760119305409),
(638.7913559955732, -916.5536859638534),
(638.4091813293542, -916.2313599971658),
(638.0270066631351, -915.9090340304782),
(637.6444985345842, -915.5871062891723),
(637.2619904060332, -915.2651785478664),
(636.8794822774822, -914.9432508065605),
(636.4969671790976, -914.6213313981143),
(636.114452080713, -914.2994119896681),
(635.7319369823284, -913.9774925812219),
(635.3494217100115, -913.6555733806497),
(634.9669064376945, -913.3336541800775),
(634.5843911653776, -913.0117349795053),
(634.2018758895586, -912.6898157831207),
(633.8193606137395, -912.3678965867362),
(633.4368453379204, -912.0459773903516),
(633.0552283307045, -911.7230132523478),
(632.6736113234886, -911.4000491143439),
(632.2919943162726, -911.0770849763401),
(631.9103947081592, -910.7541006767174),
(631.5287951000457, -910.4311163770947),
(631.1471954919323, -910.108132077472),
(630.7655990960614, -909.78514408745),
(630.3840027001904, -909.4621560974281),
(630.0024063043195, -909.1391681074061),
(629.6208105691591, -908.8161793551266),
(629.2392148339986, -908.493190602847),
(628.8576190988382, -908.1702018505674),
(628.5790479171555, -907.9344147332013),
(628.5790479171555, -907.9344147332013),
(628.1971145990244, -907.6118294991363),
(627.8151812808933, -907.2892442650714),
(627.4332479627622, -906.9666590310064),
(627.0512273811464, -906.6441779370693),
(626.6692067995307, -906.3216968431323),
(626.287186217915, -905.9992157491952),
(625.9050282149938, -905.6768976333954),
(625.5228702120726, -905.3545795175955),
(625.1407122091514, -905.0322614017957),
(624.7585232248354, -904.7099800486245),
(624.3763342405193, -904.3876986954533),
(623.9941452562033, -904.0654173422821),
(623.6114799359373, -903.7437014890303),
(623.2288146156712, -903.4219856357785),
(622.8461492954052, -903.1002697825267),
(622.4633747181813, -902.7786838773255),
(622.0806001409574, -902.4570979721244),
(621.6978255637334, -902.1355120669233),
(621.3150260896184, -901.8139557859882),
(620.9322266155034, -901.4923995050532),
(620.5494271413884, -901.1708432241181),
(620.1666219424104, -900.8492937557306),
(619.7838167434325, -900.5277442873431),
(619.4010115444545, -900.2061948189556),
(619.018204986857, -899.8846469672633),
(618.6353984292595, -899.5630991155709),
(618.2525918716619, -899.2415512638786),
(617.8697850017638, -898.9200037838107),
(617.4869781318657, -898.5984563037428),
(617.1041712619676, -898.2769088236748),
(616.7213647718324, -897.9553608917604),
(616.3385582816973, -897.633812959846),
(615.9557517915621, -897.3122650279315),
(615.5732391937485, -896.9903666166141),
(615.1907265959348, -896.6684682052967),
(614.8082139981212, -896.3465697939793),
(614.4257014003076, -896.0246713826618),
(614.043188802494, -895.7027729713444),
(613.6606762046804, -895.380874560027),
(613.2781752113451, -895.0589623233341),
(612.8956742180098, -894.7370500866411),
(612.5131732246746, -894.4151378499482),
(612.1306722313393, -894.0932256132553),
(611.748171238004, -893.7713133765624),
(611.3656702446688, -893.4494011398695),
(610.9829990271089, -893.127690591609),
(610.6003278095491, -892.8059800433487),
(610.2176565919892, -892.4842694950883),
(609.8349853744294, -892.1625589468279),
(609.4523141568695, -891.8408483985675),
(609.0696429393097, -891.5191378503071),
(608.6869668403281, -891.19743308897),
(608.3042907413464, -890.8757283276329),
(607.9216146423648, -890.5540235662959),
(607.5389385433832, -890.2323188049588),
(607.1562624444016, -889.9106140436218),
(606.7735862958723, -889.588909341024),
(606.390910147343, -889.2672046384262),
(606.0082339988137, -888.9454999358284),
(605.6255578502844, -888.6237952332306),
(605.2428817017551, -888.3020905306328),
(604.8602055532258, -887.980385828035),
(604.8602055532258, -887.980385828035),
(604.8226472067256, -887.4818194502731),
(604.7850888602254, -886.9832530725112),
(604.7475305137252, -886.4846866947493),
(604.709972167225, -885.9861203169874),
(604.6724138207248, -885.4875539392254),
(604.6348554742247, -884.9889875614635),
(604.5972971277245, -884.4904211837016),
(604.7235976929948, -884.0067118357557),
(604.8498982582651, -883.5230024878098),
(604.9761988235354, -883.0392931398638),
(605.1024993888057, -882.5555837919179),
(605.3830938075753, -882.1417864407119),
(605.6636882263449, -881.727989089506),
(605.9442826451145, -881.3141917383),
(606.2248770638842, -880.900394387094),
(606.5509323916981, -880.5213658816201),
(606.876987719512, -880.1423373761462),
(607.203043047326, -879.7633088706723),
(607.5290983751399, -879.3842803651984),
(607.8639778437844, -879.0130216908224),
(608.1988573124288, -878.6417630164464),
(608.5337367810732, -878.2705043420704),
(608.5528019914054, -878.2493680068292),
(608.5528019914054, -878.2493680068292),
(608.8665541683657, -877.860131519519),
(609.180306345326, -877.4708950322088),
(609.4940585222863, -877.0816585448986),
(609.8078106992466, -876.6924220575884),
(610.1215628762069, -876.3031855702782),
(610.4353150531672, -875.913949082968),
(610.7578300841495, -875.5319484526719),
(611.0803451151319, -875.1499478223759),
(611.4028601461142, -874.7679471920799),
(611.7253751770966, -874.3859465617838),
(612.04803986069, -874.0040522745132),
(612.3707045442834, -873.6221579872426),
(612.6933692278768, -873.240263699972),
(613.0160339114702, -872.8583694127014),
(613.3386985950636, -872.4764751254309),
(613.6613632786571, -872.0945808381603),
(613.9838607262762, -871.7125382428031),
(614.3063581738954, -871.330495647446),
(614.6288556215146, -870.9484530520889),
(614.9513530691338, -870.5664104567318),
(615.273850516753, -870.1843678613747),
(615.5963479643722, -869.8023252660175),
(615.9190977484643, -869.4204828290607),
(616.2417254780962, -869.0385396308016),
(616.5643532077281, -868.6565964325424),
(616.88698093736, -868.2746532342833),
(617.2096086669919, -867.8927100360241),
(617.5322363966238, -867.510766837765),
(617.8550058082521, -867.1289316712741),
(618.1777752198805, -866.7470965047833),
(618.5005446315088, -866.3652613382924),
(618.8233140431371, -865.9834261718015),
(619.1460834547654, -865.6015910053106),
(619.4688528663937, -865.2197558388198),
(619.7920688497119, -864.8382947426986),
(620.1148323387184, -864.4564699585007),
(620.437595827725, -864.0746451743029),
(620.7603593167315, -863.692820390105),
(621.0831228057381, -863.3109956059071),
(621.4058862947446, -862.9291708217092),
(621.7286497837512, -862.5473460375114),
(622.050881875531, -862.1650613101122),
(622.3731139673108, -861.7827765827129),
(622.6953460590906, -861.4004918553137),
(623.0175781508705, -861.0182071279145),
(623.3398102426503, -860.6359224005153),
(623.6620423344301, -860.253637673116),
(623.9843558728526, -859.8714189155552),
(624.306669411275, -859.4892001579943),
(624.6289591899791, -859.1069567575339),
(624.9512489686832, -858.7247133570735),
(625.2735387473873, -858.3424699566131),
(625.5958285260914, -857.9602265561526),
(625.9181183047955, -857.5779831556922),
(626.2404080834996, -857.1957397552318),
(626.5635723282151, -856.8142367957008),
(626.8867365729305, -856.4327338361699),
(627.209900817646, -856.0512308766389),
(627.5330650623615, -855.6697279171079),
(627.856229307077, -855.288224957577),
(628.1793935517925, -854.906721998046),
(628.5023935397938, -854.525096163908),
(628.8253935277952, -854.1434703297699),
(629.1475374574607, -853.7611185414074),
(629.4696813871261, -853.3787667530449),
(629.7918253167916, -852.9964149646825),
(630.113969246457, -852.61406317632),
(630.4361131761225, -852.2317113879575),
(630.758257105788, -851.849359599595),
(631.0803791274044, -851.4669869656548),
(631.4025011490208, -851.0846143317145),
(631.7246231706373, -850.7022416977743),
(632.0467451922538, -850.3198690638341),
(632.3688672138702, -849.9374964298938),
(632.6909892354867, -849.5551237959536),
(633.0131970179106, -849.1728224407258),
(633.3354048003345, -848.790521085498),
(633.6565647091256, -848.4073436163445),
(633.9777246179168, -848.0241661471911),
(634.298884526708, -847.6409886780376),
(634.6200444354992, -847.2578112088842),
(634.9412043442903, -846.8746337397307),
(635.2623642530815, -846.4914562705773),
(635.5835241618727, -846.1082788014238),
(635.9056930042949, -845.7259504609588),
(636.2278618467171, -845.3436221204937),
(636.5500306891394, -844.9612937800287),
(636.8721995315616, -844.5789654395636),
(637.1943683739838, -844.1966370990986),
(637.5159545593845, -843.8138186595323),
(637.8375407447851, -843.4310002199661),
(638.1591269301857, -843.0481817803999),
(638.4807131155864, -842.6653633408337),
(638.8024756218769, -842.2826866249519),
(639.1242381281673, -841.9000099090701),
(639.4460006344578, -841.5173331931884),
(639.7677631407483, -841.1346564773066),
(640.0895256470388, -840.7519797614249),
(640.4112881533293, -840.3693030455431),
(640.7330667371788, -839.986643414368),
(641.0548453210282, -839.6039837831929),
(641.3766239048776, -839.2213241520178),
(641.6984024887271, -838.8386645208427),
(642.0201810725765, -838.4560048896676),
(642.341959656426, -838.0733452584925),
(642.6638372677381, -837.6907691772531),
(642.9857148790503, -837.3081930960136),
(643.3075924903625, -836.9256170147742),
(643.6295181198259, -836.5430700986495),
(643.9514437492893, -836.1605231825249),
(644.2733693787527, -835.7779762664003),
(644.5952950082161, -835.3954293502757),
(644.9172206376795, -835.012882434151),
(645.2391462671429, -834.6303355180264),
(645.5622221153286, -834.2487597123866),
(645.8852979635143, -833.8671839067467),
(646.2083738117, -833.4856081011069),
(646.5314496598857, -833.104032295467),
(646.8545255080713, -832.7224564898272),
(647.1767454796355, -832.3401691285924),
(647.4989654511998, -831.9578817673575),
(647.821185422764, -831.5755944061227),
(648.1434053943282, -831.1933070448879),
(648.4658990099389, -830.8112523641713),
(648.7883926255496, -830.4291976834547),
(649.1108862411603, -830.0471430027382),
(649.433379856771, -829.6650883220216),
(649.7558734723817, -829.283033641305),
(650.0783670879924, -828.9009789605884),
(650.4001866355642, -828.5183558968946),
(650.7220061831359, -828.1357328332008),
(651.0438257307077, -827.753109769507),
(651.3656452782794, -827.3704867058132),
(651.6874648258512, -826.9878636421194),
(652.0092843734229, -826.6052405784255),
(652.3308814536362, -826.2224297187847),
(652.6524785338494, -825.8396188591439),
(652.9740756140626, -825.4568079995031),
(653.2956726942758, -825.0739971398623),
(653.617269774489, -824.6911862802215),
(653.9395413174103, -824.3089570793195),
(654.2618128603316, -823.9267278784175),
(654.5840844032529, -823.5444986775155),
(654.9063559461741, -823.1622694766136),
(655.2286274890954, -822.7800402757116),
(655.5508990320167, -822.3978110748096),
(655.8726705735087, -822.0151697076292),
(656.1944421150007, -821.6325283404487),
(656.5162136564927, -821.2498869732683),
(656.8379851979847, -820.8672456060879),
(657.1597567394767, -820.4846042389074),
(657.4815282809687, -820.101962871727),
(657.8034615494893, -819.7194459173668),
(658.1253948180098, -819.3369289630066),
(658.4473280865303, -818.9544120086464),
(658.7692613550508, -818.5718950542862),
(659.0947395667954, -818.1924284059032),
(659.42021777854, -817.8129617575203),
(659.7456959902845, -817.4334951091373),
(660.071174202029, -817.0540284607544),
(660.3966524137736, -816.6745618123714),
(660.7221306255182, -816.2950951639884),
(661.0476088372627, -815.9156285156055),
(661.3730870490073, -815.5361618672225),
(661.6985652607518, -815.1566952188396),
(662.0240434724964, -814.7772285704566),
(662.3538126111166, -814.4014128690256),
(662.6835817497368, -814.0255971675947),
(663.0133508883571, -813.6497814661637),
(663.3431200269773, -813.2739657647328),
(663.6728891655976, -812.8981500633018),
(663.8868019914371, -812.6543680070899),
(663.8868019914371, -812.6543680070899),
(664.2041383059468, -812.267999259973),
(664.5214746204565, -811.881630512856),
(664.8388109349662, -811.495261765739),
(665.1561472494759, -811.108893018622),
(665.4734835639856, -810.722524271505),
(665.7908198784953, -810.336155524388),
(666.1112038523058, -809.9523109934496),
(666.4315878261164, -809.5684664625112),
(666.7519717999269, -809.1846219315728),
(667.0723557737374, -808.8007774006344),
(667.3927397475479, -808.416932869696),
(667.7140167491939, -808.033846838582),
(668.0352937508399, -807.650760807468),
(668.3565707524858, -807.267674776354),
(668.6778477541318, -806.8845887452401),
(668.9991247557778, -806.5015027141261),
(669.3204017574237, -806.1184166830121),
(669.6416787590697, -805.7353306518982),
(669.9641500995185, -805.3532738967941),
(670.2866214399673, -804.9712171416901),
(670.6090927804162, -804.5891603865861),
(670.931564120865, -804.207103631482),
(671.2540354613138, -803.825046876378),
(671.5754194271584, -803.4420644922958),
(671.896803393003, -803.0590821082136),
(672.2181873588476, -802.6760997241314),
(672.5395713246921, -802.2931173400492),
(672.8609552905367, -801.910134955967),
(673.1823392563813, -801.5271525718848),
(673.5037232222259, -801.1441701878026),
(673.823990559248, -800.7602545084795),
(674.1442578962702, -800.3763388291565),
(674.4645252332924, -799.9924231498334),
(674.7847925703146, -799.6085074705103),
(675.1050599073368, -799.2245917911872),
(675.157801991445, -799.1613680068403),
