548.722722 -811.314333
549.366319 -810.548932
550.010195 -809.783771
550.664686 -809.027665
551.315393 -808.268318
551.962103 -807.505546
552.609075 -806.742997
553.258320 -805.982382
553.907564 -805.221767
554.556586 -804.460961
555.205521 -803.700082
555.854731 -802.939437
556.504452 -802.179229
557.154173 -801.419021
557.265916 -801.288276
557.913872 -800.526562
558.561827 -799.764848
559.210573 -799.003809
559.862063 -798.245117
560.513554 -797.486425
561.161308 -796.724562
561.803772 -795.958211
562.446235 -795.191859
563.088430 -794.425282
563.730414 -793.658529
564.372399 -792.891776
565.022086 -792.131562
565.673575 -791.372871
566.321514 -790.611143
566.969452 -789.849415
567.617391 -789.087686
568.265329 -788.325958
568.912775 -787.563812
569.559032 -786.800657
570.205289 -786.037502
570.851051 -785.273927
571.496722 -784.510276
572.144007 -783.747994
572.792097 -782.986395
573.439782 -782.224452
574.087040 -781.462145
574.734623 -780.700115
575.382916 -779.938689
576.031366 -779.177396
576.679859 -778.416140
577.328458 -777.654974
577.977123 -776.893864
578.623764 -776.131040
579.268005 -775.366182
579.912319 -774.601386
580.556808 -773.836737
581.202061 -773.072733
581.847536 -772.308916
582.493029 -771.545115
583.138536 -770.781325
