593.363491 -753.905104
594.012091 -753.143939
594.660692 -752.382775
595.309292 -751.621610
595.957892 -750.860446
596.606492 -750.099281
597.252096 -749.335580
597.895742 -748.570221
598.539820 -747.805226
599.183898 -747.040231
599.826712 -746.274175
600.468588 -745.507332
601.110761 -744.740738
601.756390 -743.977051
602.401794 -743.213175
603.047020 -742.449148
603.692245 -741.685121
604.337471 -740.921093
604.981800 -740.156312
605.623368 -739.389211
606.264260 -738.621550
606.898368 -737.848270
607.537998 -737.079579
608.181982 -736.314505
608.825965 -735.549431
609.469949 -734.784356
610.113932 -734.019281
610.757913 -733.254205
611.401357 -732.488677
612.043906 -731.722398
612.687431 -730.956937
613.332879 -730.193105
613.982150 -729.432513
614.631117 -728.671661
615.280005 -727.910742
615.928899 -727.149827
616.578368 -726.389405
617.226783 -725.628091
617.868725 -724.861303
618.510624 -724.094479
619.152499 -723.327635
619.794375 -722.560792
620.434726 -721.792675
621.074652 -721.024203
621.714578 -720.255732
622.358133 -719.490298
623.002034 -718.725155
623.645935 -717.960011
624.289836 -717.194867
624.933737 -716.429723
625.577638 -715.664579
626.221539 -714.899435
626.865440 -714.134292
627.510978 -713.370535
628.160203 -712.609903
628.809428 -711.849272
629.450674 -711.082006
630.080057 -710.304876
630.726633 -709.542016
631.374486 -708.780216
632.019299 -708.015841
632.663787 -707.251191
633.308041 -706.486345
633.952263 -705.721472
634.599204 -704.958898
635.246202 -704.196372
635.892223 -703.433017
636.538244 -702.669662
637.184000 -701.906083
637.829470 -701.142263
638.474941 -700.378443
639.124219 -699.617866
639.776398 -698.859773
640.435906 -698.108040
640.591838 -697.930301
641.391368 -697.329633
642.190898 -696.728964
642.990428 -696.128295
643.789957 -695.527626
644.589487 -694.926957
645.389017 -694.326288
646.154743 -693.683221
646.918406 -693.037566
647.684510 -692.394914
648.472617 -691.779335
649.252561 -691.153557
650.025773 -690.519368
650.790266 -689.874845
651.545639 -689.219510
652.280632 -688.542260
652.989058 -687.836437
653.673444 -687.108480
654.318482 -686.344295
654.967306 -685.583323
655.616680 -684.822819
656.263692 -684.060306
656.910263 -683.297417
657.554222 -682.532324
658.197579 -681.766723
658.840539 -681.000789
659.485109 -680.236218
660.134633 -679.475842
660.784158 -678.715467
661.433093 -677.954589
662.081118 -677.192935
662.729144 -676.431281
663.377210 -675.669662
663.681403 -675.312203
664.335863 -674.556071
664.990702 -673.800268
665.644905 -673.043914
666.298214 -672.286788
666.950988 -671.529201
667.602781 -670.770769
668.254166 -670.011987
668.904546 -669.252343
669.554036 -668.491939
670.203255 -667.731302
670.851359 -666.969716
671.499047 -666.207775
672.145680 -665.444940
672.791839 -664.681702
673.436239 -663.916980
674.079656 -663.151430
674.722885 -662.385722
675.366010 -661.619926
676.007716 -660.852941
676.649379 -660.085919
677.289540 -659.317644
677.929701 -658.549368
678.567196 -657.778879
679.205018 -657.008661
679.843270 -656.238799
680.481522 -655.468937
681.118609 -654.698111
681.754924 -653.926648
682.146464 -653.451949
682.791965 -652.688155
683.437552 -651.924433
684.083283 -651.160834
684.729045 -650.397260
685.374711 -649.633606
686.020102 -648.869719
686.665493 -648.105831
687.310883 -647.341944
687.956025 -646.577847
688.599908 -645.812688
689.243819 -645.047553
689.888002 -644.282647
690.532168 -643.517727
691.175559 -642.752154
691.818949 -641.986581
692.466115 -641.224198
693.114580 -640.462921
693.764546 -639.702923
694.414514 -638.942926
695.064484 -638.182932
695.712315 -637.421124
696.355621 -636.655480
696.999320 -635.890167
697.644131 -635.125791
698.221959 -634.442263
698.868217 -633.679112
699.517565 -632.918585
700.167114 -632.158230
700.816818 -631.398009
701.460752 -630.632893
702.104311 -629.867462
702.747450 -629.101678
703.397051 -628.341371
703.930528 -627.717633
704.579443 -626.956738
705.228359 -626.195843
705.877275 -625.434948
706.526191 -624.674053
707.175106 -623.913158
707.824376 -623.152566
708.474728 -622.392898
709.125081 -621.633231
709.775433 -620.873564
710.425785 -620.113896
711.076138 -619.354229
711.727251 -618.595214
712.379071 -617.836806
713.030891 -617.078397
713.682711 -616.319989
714.334531 -615.561581
714.986351 -614.803172
715.639316 -614.045749
716.292583 -613.288587
716.945850 -612.531425
717.632325 -611.804671
718.352455 -611.111911
719.113254 -610.463724
719.920753 -609.873812
720.780997 -609.364165
721.684337 -608.937096
722.626664 -608.606216
723.599832 -608.383080
724.592200 -608.274723
725.590412 -608.282162
726.581764 -608.400107
727.556202 -608.618368
728.507251 -608.924162
729.431847 -609.304220
730.323279 -609.757420
731.182008 -610.269053
732.022937 -610.809821
732.838940 -611.386920
733.625726 -612.004181
734.412513 -612.621441
735.199299 -613.238702
735.986085 -613.855962
736.772871 -614.473223
737.559658 -615.090483
738.346444 -615.707744
739.133230 -616.325004
739.923438 -616.937864
740.715602 -617.548208
741.507756 -618.158564
742.299867 -618.768976
743.091978 -619.379388
743.325733 -619.559523
744.102440 -620.189421
744.879146 -620.819318
745.657514 -621.447157
746.437292 -622.073242
747.222650 -622.692318
748.008876 -623.310291
748.795489 -623.927772
749.582899 -624.544233
750.372293 -625.158155
751.161687 -625.772077
751.951081 -626.386000
752.740317 -627.000123
753.529430 -627.614407
754.317770 -628.229680
755.104852 -628.846563
755.891934 -629.463446
756.679017 -630.080328
757.380088 -630.629799
758.168029 -631.245584
758.956086 -631.861221
759.745868 -632.474643
760.529638 -633.095671
761.308831 -633.722490
762.090114 -634.346655
762.881919 -634.957464
763.673724 -635.568273
764.465529 -636.179082
765.257334 -636.789891
766.048532 -637.401485
766.838879 -638.014180
767.635986 -638.618034
768.434331 -639.220270
769.232677 -639.822505
770.031022 -640.424741
770.828341 -641.028328
771.623219 -641.635132
772.418034 -642.242020
773.209180 -642.853682
773.998855 -643.467237
774.787076 -644.082664
775.574139 -644.699567
776.359728 -645.318352
777.147211 -645.934710
777.937827 -646.547056
778.729024 -647.158651
779.521554 -647.768518
780.312762 -648.380100
781.103654 -648.992091
781.894546 -649.604082
782.685438 -650.216073
783.476332 -650.828060
784.267229 -651.440044
785.058782 -652.051176
785.852640 -652.659314
786.645128 -653.269235
786.776060 -653.370183
787.568026 -653.980783
788.360309 -654.590972
789.152717 -655.200998
789.944735 -655.811531
790.736423 -656.422491
791.527132 -657.034714
792.316218 -657.649032
793.105303 -658.263350
793.894400 -658.877653
794.683501 -659.491952
795.472660 -660.106176
796.262128 -660.720001
797.051597 -661.333827
797.843051 -661.945083
798.636192 -662.554156
799.429164 -663.163449
800.222136 -663.772742
801.016147 -664.380680
801.810365 -664.988348
802.615814 -665.580893
803.427069 -666.165622
803.511600 -666.226550
804.303178 -666.837650
805.095730 -667.447489
805.886659 -668.059432
806.677588 -668.671374
807.468517 -669.283317
808.259446 -669.895259
809.050375 -670.507202
809.841304 -671.119144
810.632345 -671.730942
811.424394 -672.341434
812.216443 -672.951926
813.008492 -673.562418
813.800491 -674.172975
814.592169 -674.783949
815.383847 -675.394923
816.175991 -676.005291
816.968338 -676.615396
817.761036 -677.225044
818.554809 -677.833293
819.345887 -678.445037
820.135933 -679.058120
820.924122 -679.673580
821.710556 -680.291289
822.497372 -680.908509
823.285061 -681.524617
824.073312 -682.139996
824.868721 -682.746104
825.660548 -683.356862
826.449395 -683.971486
827.235768 -684.589272
828.026120 -685.201923
828.820726 -685.809083
829.610800 -686.422128
830.400783 -687.035290
831.191526 -687.647472
831.983271 -688.258358
832.775016 -688.869244
833.566762 -689.480129
833.851476 -689.699805
834.643222 -690.310690
835.433127 -690.923951
836.222263 -691.538204
837.011385 -692.152475
837.800265 -692.767055
838.587344 -693.383941
839.187200 -693.854089
839.991581 -694.448239
840.795961 -695.042389
841.594784 -695.643895
842.386233 -696.255166
843.177681 -696.866437
843.967782 -697.479444
844.756941 -698.093668
845.545588 -698.708546
846.332123 -699.326126
847.118658 -699.943706
847.905192 -700.561286
848.691727 -701.178867
849.478262 -701.796447
850.264796 -702.414027
851.051331 -703.031608
851.836609 -703.650722
852.597332 -704.299832
853.339658 -704.968956
854.050418 -705.672422
854.706169 -706.423307
855.291323 -707.233860
855.798193 -708.095823
856.246094 -708.989858
856.644416 -709.906787
856.919813 -710.866190
857.110789 -711.847532
857.265592 -712.835421
857.347160 -713.832044
857.350363 -714.831775
857.275351 -715.828750
857.128044 -716.817363
856.902214 -717.791557
856.606889 -718.746904
856.242065 -719.677606
855.813696 -720.580563
855.338671 -721.460046
854.785556 -722.291048
854.185405 -723.090967
853.553154 -723.865343
852.908458 -724.629816
852.263762 -725.394289
851.619067 -726.158762
850.974371 -726.923235
850.329675 -727.687708
849.684979 -728.452181
849.040284 -729.216654
848.395588 -729.981127
847.750892 -730.745600
847.172522 -731.431425
846.521895 -732.190857
845.871154 -732.950190
845.220178 -733.709323
844.573868 -734.472414
843.930904 -735.238344
843.287857 -736.004204
842.644580 -736.769872
842.001303 -737.535539
841.357739 -738.300965
840.714164 -739.066381
840.070723 -739.831911
839.427363 -740.597509
838.783555 -741.362729
838.514158 -741.682029
837.869210 -742.446290
837.224251 -743.210541
836.579270 -743.974773
835.934249 -744.738972
835.287770 -745.501938
834.641291 -746.264903
833.994850 -747.027901
833.348803 -747.791232
832.702755 -748.554563
832.056985 -749.318129
831.412839 -750.083065
830.768693 -750.848001
830.124436 -751.612844
829.480173 -752.377682
828.835871 -753.142487
828.191557 -753.907282
827.546518 -754.671465
826.900955 -755.435206
826.255394 -756.198948
825.609877 -756.962728
824.964360 -757.726508
824.320317 -758.491529
823.677615 -759.257679
823.034924 -760.023839
822.392356 -760.790101
821.749789 -761.556364
821.107307 -762.322699
820.464874 -763.089074
819.822096 -763.855160
819.178087 -764.620212
818.534078 -765.385264
817.888441 -766.148942
817.242397 -766.912276
816.600003 -767.671297
815.956556 -768.436822
815.313110 -769.202347
814.667000 -769.965625
814.020768 -770.728800
813.374535 -771.491975
812.728303 -772.255149
812.081346 -773.017707
811.430528 -773.776975
810.779710 -774.536243
810.128892 -775.295510
809.478074 -776.054778
808.828545 -776.815146
808.181275 -777.577441
807.534045 -778.339769
806.889401 -779.104286
806.244757 -779.868803
805.597476 -780.631085
804.948882 -781.392254
804.300289 -782.153423
803.651695 -782.914592
803.003101 -783.675760
802.360923 -784.442348
801.718987 -785.209140
801.077051 -785.975933
800.435115 -786.742725
799.793566 -787.509841
799.152680 -788.277511
798.955072 -788.514212
798.315615 -789.283073
797.676158 -790.051934
797.035916 -790.820136
796.389694 -791.583320
795.743473 -792.346504
795.098014 -793.110333
794.452680 -793.874267
793.809120 -794.639695
793.166774 -795.406143
792.524211 -796.172411
791.881243 -796.938337
791.237837 -797.703894
790.590919 -798.466489
789.944002 -799.229083
789.297856 -799.992331
788.651787 -800.755644
788.046067 -801.550671
787.457016 -802.358800
786.869834 -803.168285
786.284183 -803.978880
785.714880 -804.800676
785.170461 -805.639522
784.650547 -806.493593
784.139861 -807.353391
783.632944 -808.215417
783.126027 -809.077443
782.618806 -809.939290
782.111251 -810.800940
781.603697 -811.662591
781.097995 -812.525330
780.592522 -813.388203
780.088337 -814.251829
779.585163 -815.116045
779.091832 -815.985674
778.631486 -816.873444
778.171140 -817.761214
778.032725 -818.028144
777.397044 -818.800130
776.760528 -819.571423
776.119799 -820.339224
775.477264 -821.105508
774.831332 -821.868937
774.185036 -822.632057
773.536596 -823.393358
772.888156 -824.154658
772.242583 -824.918390
771.597211 -825.682292
770.951838 -826.446194
770.302936 -827.207100
769.653823 -827.967826
769.004709 -828.728552
768.356910 -829.490397
767.709187 -830.252307
767.061464 -831.014218
766.413742 -831.776128
765.766019 -832.538039
765.118296 -833.299949
764.470574 -834.061860
763.822851 -834.823770
763.175128 -835.585681
762.527406 -836.347592
761.881347 -837.110906
761.239029 -837.877379
760.596712 -838.643852
759.954112 -839.410089
759.311313 -840.176158
758.668514 -840.942227
758.024407 -841.707196
757.380097 -842.471994
756.735786 -843.236793
756.091476 -844.001591
755.447663 -844.766808
754.804273 -845.532381
754.159606 -846.296876
753.512941 -847.059684
752.866275 -847.822492
752.766866 -847.939756
752.119805 -848.702229
751.472745 -849.464703
750.824552 -850.226213
750.176238 -850.987620
749.527966 -851.749064
748.879705 -852.510516
748.231708 -853.272194
747.583925 -854.034053
746.936368 -854.796105
746.289332 -855.558598
745.642470 -856.321239
745.002265 -857.089477
744.362059 -857.857715
743.721515 -858.625670
743.080276 -859.393045
742.439037 -860.160420
742.080249 -860.589783
741.434432 -861.353310
740.788616 -862.116837
740.142949 -862.880491
739.497425 -863.644265
738.851900 -864.408039
738.207110 -865.172433
737.562482 -865.936964
736.917819 -866.701465
736.272917 -867.465765
735.628015 -868.230064
734.980564 -868.992197
734.329858 -869.751561
733.679151 -870.510924
733.186135 -871.086265
732.349805 -871.634537
731.521995 -872.195527
730.702939 -872.769198
729.892857 -873.355484
729.091965 -873.954303
728.301960 -874.567445
727.522997 -875.194522
726.753998 -875.833741
725.995162 -876.484985
725.246663 -877.148106
724.508641 -877.822917
723.784144 -878.512232
723.070717 -879.212952
722.368308 -879.924693
721.677027 -880.647252
720.996961 -881.380410
720.329680 -882.125251
719.680089 -882.885528
719.032513 -883.647563
718.385006 -884.409658
717.737525 -885.171774
717.091086 -885.934774
716.445404 -886.698414
715.799722 -887.462055
715.154028 -888.225686
714.508329 -888.989313
713.862630 -889.752940
713.214012 -890.514086
712.564739 -891.274676
711.915466 -892.035266
711.265686 -892.795423
710.615816 -893.555503
709.965945 -894.315583
709.317214 -895.076635
708.668648 -895.837828
708.020081 -896.599020
707.372523 -897.361071
706.725052 -898.123196
706.077581 -898.885321
705.430762 -899.647999
704.783965 -900.410696
704.137148 -901.173375
703.488790 -901.934746
702.840433 -902.696117
702.190811 -903.456380
701.521199 -904.199126
700.851587 -904.941872
700.181974 -905.684619
699.512362 -906.427365
698.832361 -907.160487
698.142826 -907.884774
697.457292 -908.612736
696.794449 -909.361531
696.131607 -910.110325
695.468765 -910.859119
694.805922 -911.607913
694.154231 -912.366329
693.510613 -913.131710
692.866284 -913.896492
692.283895 -914.585231
691.637851 -915.348566
690.991777 -916.111875
690.345650 -916.875140
689.699822 -917.638657
689.054095 -918.402261
688.409806 -919.167075
687.766997 -919.933136
687.123982 -920.699024
686.918652 -920.943173
686.264617 -921.699672
685.610582 -922.456172
684.958502 -923.214341
684.313611 -923.978650
683.665122 -924.739905
683.015785 -925.500441
682.366310 -926.260858
681.716519 -927.021007
681.062050 -927.777119
680.405400 -928.531350
679.748751 -929.285580
679.092101 -930.039811
678.435451 -930.794042
677.778802 -931.548273
677.122152 -932.302504
676.465502 -933.056735
675.775239 -933.779383
675.037521 -934.451307
674.229325 -935.040263
673.380477 -935.567599
672.477540 -935.994118
671.539754 -936.338345
670.570272 -936.575729
669.584592 -936.740868
668.590781 -936.848292
667.590794 -936.856629
666.593099 -936.805101
665.600602 -936.692282
664.619176 -936.500329
663.667213 -936.197600
662.744888 -935.814279
661.856804 -935.356728
660.999071 -934.843977
660.180726 -934.269211
659.362382 -933.694446
658.569362 -933.085519
657.781533 -932.469589
656.993704 -931.853659
656.212864 -931.228913
655.433458 -930.602359
654.654052 -929.975804
654.050393 -929.490532
653.289932 -928.841114
652.529471 -928.191696
651.767665 -927.543860
651.004109 -926.898085
650.240552 -926.252310
649.476995 -925.606535
648.713438 -924.960760
647.949880 -924.314986
647.186323 -923.669211
646.422766 -923.023436
645.659210 -922.377661
644.895653 -921.731886
644.132095 -921.086112
643.368538 -920.440337
642.604981 -919.794562
641.841424 -919.148787
641.077867 -918.503012
640.314309 -917.857239
639.549934 -917.212432
638.785542 -916.567646
638.021150 -915.922860
637.256096 -915.278859
636.491021 -914.634883
635.725946 -913.990907
634.960871 -913.346931
634.195797 -912.702955
633.430722 -912.058979
632.667408 -911.412916
631.904156 -910.766782
631.140903 -910.120647
630.377653 -909.474509
629.614404 -908.828370
628.851156 -908.182230
628.574569 -907.948081
627.810855 -907.302493
627.046702 -906.657424
626.282549 -906.012354
625.518225 -905.367487
624.753767 -904.722778
623.989310 -904.078069
623.224178 -903.434161
622.458503 -902.790899
621.692827 -902.147638
620.927152 -901.504376
620.161477 -900.861113
619.395802 -900.217851
618.630127 -899.574589
617.864452 -898.931326
617.098777 -898.288064
616.333102 -897.644801
615.567661 -897.001261
614.802600 -896.357269
614.037538 -895.713277
613.272477 -895.069285
612.507415 -894.425293
611.742353 -893.781301
610.977146 -893.137483
610.211733 -892.493908
609.446321 -891.850333
608.680909 -891.206758
607.915496 -890.563183
607.150084 -889.919608
606.384672 -889.276033
605.619259 -888.632458
604.853847 -887.988883
604.088435 -887.345308
603.323022 -886.701733
602.557610 -886.058158
601.792198 -885.414583
601.026785 -884.771008
600.261373 -884.127433
599.495960 -883.483858
598.730548 -882.840283
597.965136 -882.196708
597.199723 -881.553133
596.434311 -880.909558
595.668899 -880.265983
594.903486 -879.622408
594.138074 -878.978833
593.372662 -878.335258
592.607249 -877.691683
591.841837 -877.048108
591.076424 -876.404533
590.311012 -875.760958
589.545600 -875.117383
588.780187 -874.473808
588.014775 -873.830233
587.249362 -873.186658
586.483950 -872.543082
585.718538 -871.899507
584.953125 -871.255932
584.187713 -870.612357
583.422300 -869.968782
582.656888 -869.325207
581.891475 -868.681632
581.126063 -868.038057
580.360651 -867.394482
579.595238 -866.750907
578.829826 -866.107332
578.064413 -865.463757
577.299001 -864.820182
576.533588 -864.176607
575.768176 -863.533032
